  Water ice, from Warren (1984), extended to X-rays by V. Zubko
  # lamda [mu]         n - 1              k
  4.13833333e-05  -2.35625000e-07  4.25842000e-11
  4.19601455e-05  -2.42243000e-07  4.51573000e-11
  4.25450981e-05  -2.49048000e-07  4.78859000e-11
  4.31381951e-05  -2.56043000e-07  5.07799000e-11
  4.37394307e-05  -2.63236000e-07  5.38484000e-11
  4.43491059e-05  -2.70630000e-07  5.71025000e-11
  4.49673837e-05  -2.78232000e-07  6.05538000e-11
  4.55942679e-05  -2.86048000e-07  6.42139000e-11
  4.62297524e-05  -2.94083000e-07  6.80954000e-11
  4.68741741e-05  -3.02345000e-07  7.22118000e-11
  4.75275346e-05  -3.10838000e-07  7.65782000e-11
  4.81900119e-05  -3.19571000e-07  8.12088000e-11
  4.88617937e-05  -3.28549000e-07  8.61195000e-11
  4.95428806e-05  -3.37779000e-07  9.13281000e-11
  5.02334652e-05  -3.47268000e-07  9.68518000e-11
  5.09337513e-05  -3.57025000e-07  1.02711000e-10
  5.16437393e-05  -3.67056000e-07  1.08925000e-10
  5.23636394e-05  -3.77369000e-07  1.15517000e-10
  5.30934470e-05  -3.87971000e-07  1.22509000e-10
  5.38336123e-05  -3.98872000e-07  1.29924000e-10
  5.45841449e-05  -4.10080000e-07  1.37791000e-10
  5.53450428e-05  -4.21602000e-07  1.46135000e-10
  5.61162916e-05  -4.33449000e-07  1.54986000e-10
  5.68986457e-05  -4.45628000e-07  1.64375000e-10
  5.76918609e-05  -4.58151000e-07  1.74334000e-10
  5.84959267e-05  -4.71025000e-07  1.84899000e-10
  5.93113860e-05  -4.84261000e-07  1.96107000e-10
  6.01382477e-05  -4.97870000e-07  2.07998000e-10
  6.09765082e-05  -5.11861000e-07  2.20613000e-10
  6.18264576e-05  -5.26246000e-07  2.33994000e-10
  6.26880895e-05  -5.41036000e-07  2.48150000e-10
  6.35620338e-05  -5.56242000e-07  2.63205000e-10
  6.44479744e-05  -5.71875000e-07  2.79184000e-10
  6.53465763e-05  -5.87949000e-07  2.96138000e-10
  6.62575050e-05  -6.04475000e-07  3.14125000e-10
  6.71810995e-05  -6.21465000e-07  3.33206000e-10
  6.81173495e-05  -6.38933000e-07  3.53446000e-10
  6.90669975e-05  -6.56894000e-07  3.74914000e-10
  7.00296702e-05  -6.75360000e-07  3.97690000e-10
  7.10057479e-05  -6.94344000e-07  4.21844000e-10
  7.19956391e-05  -7.13864000e-07  4.47462000e-10
  7.29993532e-05  -7.33933000e-07  4.74637000e-10
  7.40168841e-05  -7.54567000e-07  5.03455000e-10
  7.50486622e-05  -7.75781000e-07  5.34015000e-10
  7.60946847e-05  -7.97592000e-07  5.66425000e-10
  7.71554108e-05  -8.20019000e-07  6.00789000e-10
  7.82308424e-05  -8.43076000e-07  6.37226000e-10
  7.93214708e-05  -8.66782000e-07  6.75865000e-10
  8.04273045e-05  -8.91156000e-07  7.16838000e-10
  8.15483345e-05  -9.16216000e-07  7.60275000e-10
  8.26850841e-05  -9.41982000e-07  8.06327000e-10
  8.38375517e-05  -9.68472000e-07  8.55149000e-10
  8.50062993e-05  -9.95711000e-07  9.06892000e-10
  8.61913357e-05  -1.02372000e-06  9.61756000e-10
  8.73926510e-05  -1.05251000e-06  1.01991000e-09
  8.86108474e-05  -1.08211000e-06  1.08155000e-09
  8.98459267e-05  -1.11255000e-06  1.14689000e-09
  9.10985390e-05  -1.14385000e-06  1.21613000e-09
  9.23680138e-05  -1.17603000e-06  1.28953000e-09
  9.36557031e-05  -1.20911000e-06  1.36729000e-09
  9.49616405e-05  -1.24313000e-06  1.44973000e-09
  9.62850938e-05  -1.27810000e-06  1.53706000e-09
  9.76275292e-05  -1.31406000e-06  1.62961000e-09
  9.89881916e-05  -1.35104000e-06  1.72768000e-09
  1.00367840e-04  -1.38905000e-06  1.83160000e-09
  1.01767300e-04  -1.42814000e-06  1.94173000e-09
  1.03185751e-04  -1.46833000e-06  2.05835000e-09
  1.04624019e-04  -1.50966000e-06  2.18193000e-09
  1.06082097e-04  -1.55215000e-06  2.31285000e-09
  1.07560885e-04  -1.59584000e-06  2.45154000e-09
  1.09060403e-04  -1.64076000e-06  2.59847000e-09
  1.10580649e-04  -1.68694000e-06  2.75411000e-09
  1.12121595e-04  -1.73443000e-06  2.91898000e-09
  1.13685271e-04  -1.78326000e-06  3.09358000e-09
  1.15269628e-04  -1.83347000e-06  3.27848000e-09
  1.16876759e-04  -1.88509000e-06  3.47434000e-09
  1.18505692e-04  -1.93817000e-06  3.68175000e-09
  1.20157642e-04  -1.99275000e-06  3.90141000e-09
  1.21832502e-04  -2.04887000e-06  4.13403000e-09
  1.23530863e-04  -2.10657000e-06  4.38037000e-09
  1.25252725e-04  -2.16590000e-06  4.64125000e-09
  1.26998708e-04  -2.22691000e-06  4.91737000e-09
  1.28768942e-04  -2.28964000e-06  5.20979000e-09
  1.30563954e-04  -2.35414000e-06  5.51939000e-09
  1.32384021e-04  -2.42046000e-06  5.84719000e-09
  1.34229276e-04  -2.48866000e-06  6.19425000e-09
  1.36100435e-04  -2.55879000e-06  6.56167000e-09
  1.37997650e-04  -2.63089000e-06  6.95060000e-09
  1.39921220e-04  -2.70503000e-06  7.36233000e-09
  1.41871608e-04  -2.78127000e-06  7.79814000e-09
  1.43849298e-04  -2.85966000e-06  8.25947000e-09
  1.45854456e-04  -2.94027000e-06  8.74775000e-09
  1.47887584e-04  -3.02315000e-06  9.26461000e-09
  1.49949031e-04  -3.10838000e-06  9.81170000e-09
  1.52039149e-04  -3.19602000e-06  1.03907000e-08
  1.54158492e-04  -3.28614000e-06  1.10034000e-08
  1.56307443e-04  -3.37881000e-06  1.16513000e-08
  1.58486394e-04  -3.47410000e-06  1.23373000e-08
  1.60695541e-04  -3.57208000e-06  1.30635000e-08
  1.62935490e-04  -3.67284000e-06  1.38319000e-08
  1.65206885e-04  -3.77645000e-06  1.46448000e-08
  1.67509725e-04  -3.88299000e-06  1.55053000e-08
  1.69844670e-04  -3.99254000e-06  1.64149000e-08
  1.72212181e-04  -4.10521000e-06  1.73778000e-08
  1.74612730e-04  -4.22106000e-06  1.83966000e-08
  1.77046805e-04  -4.34019000e-06  1.94742000e-08
  1.79514653e-04  -4.46269000e-06  2.06143000e-08
  1.82017039e-04  -4.58866000e-06  2.18203000e-08
  1.84554231e-04  -4.71820000e-06  2.30958000e-08
  1.87126764e-04  -4.85142000e-06  2.44454000e-08
  1.89735196e-04  -4.98841000e-06  2.58734000e-08
  1.92380105e-04  -5.12928000e-06  2.73833000e-08
  1.95061787e-04  -5.27415000e-06  2.89802000e-08
  1.97780840e-04  -5.42312000e-06  3.06689000e-08
  2.00537891e-04  -5.57632000e-06  3.24552000e-08
  2.03333257e-04  -5.73386000e-06  3.43446000e-08
  2.06167591e-04  -5.89586000e-06  3.63419000e-08
  2.09041574e-04  -6.06248000e-06  3.84552000e-08
  2.11955195e-04  -6.23381000e-06  4.06894000e-08
  2.14909882e-04  -6.41001000e-06  4.30518000e-08
  2.17905649e-04  -6.59121000e-06  4.55496000e-08
  2.20943249e-04  -6.77755000e-06  4.81906000e-08
  2.24022664e-04  -6.96918000e-06  5.09829000e-08
  2.27145487e-04  -7.16625000e-06  5.39358000e-08
  2.30311732e-04  -7.36892000e-06  5.70581000e-08
  2.33522245e-04  -7.57735000e-06  6.03581000e-08
  2.36777462e-04  -7.79170000e-06  6.38472000e-08
  2.40077815e-04  -8.01213000e-06  6.75351000e-08
  2.43424690e-04  -8.23884000e-06  7.14339000e-08
  2.46817613e-04  -8.47198000e-06  7.55558000e-08
  2.50258523e-04  -8.71174000e-06  7.99128000e-08
  2.53746932e-04  -8.95833000e-06  8.45176000e-08
  2.57283837e-04  -9.21194000e-06  8.93847000e-08
  2.60870296e-04  -9.47276000e-06  9.45288000e-08
  2.64506865e-04  -9.74098000e-06  9.99655000e-08
  2.68193523e-04  -1.00168000e-05  1.05712000e-07
  2.71931976e-04  -1.03005000e-05  1.11783000e-07
  2.75722842e-04  -1.05923000e-05  1.18200000e-07
  2.79566115e-04  -1.08924000e-05  1.24982000e-07
  2.83463021e-04  -1.12010000e-05  1.32148000e-07
  2.87414864e-04  -1.15184000e-05  1.39719000e-07
  2.91420979e-04  -1.18448000e-05  1.47720000e-07
  2.95483377e-04  -1.21805000e-05  1.56173000e-07
  2.99602059e-04  -1.25258000e-05  1.65104000e-07
  3.03778451e-04  -1.28809000e-05  1.74541000e-07
  3.08012544e-04  -1.32461000e-05  1.84512000e-07
  3.12306616e-04  -1.36217000e-05  1.95060000e-07
  3.16659908e-04  -1.40080000e-05  2.06173000e-07
  3.21073988e-04  -1.44052000e-05  2.17898000e-07
  3.25549685e-04  -1.48138000e-05  2.30273000e-07
  3.30087846e-04  -1.52340000e-05  2.43327000e-07
  3.34688442e-04  -1.56662000e-05  2.57097000e-07
  3.39354147e-04  -1.61107000e-05  2.71631000e-07
  3.44084055e-04  -1.65678000e-05  2.86974000e-07
  3.48880995e-04  -1.70380000e-05  3.03143000e-07
  3.53744016e-04  -1.75216000e-05  3.20199000e-07
  3.58675083e-04  -1.80189000e-05  3.38190000e-07
  3.63675244e-04  -1.85304000e-05  3.57164000e-07
  3.68744487e-04  -1.90565000e-05  3.77175000e-07
  3.73883845e-04  -1.95976000e-05  3.98282000e-07
  3.79095545e-04  -2.01541000e-05  4.20554000e-07
  3.84380796e-04  -2.07265000e-05  4.44032000e-07
  3.89738406e-04  -2.13152000e-05  4.68798000e-07
  3.95170737e-04  -2.19207000e-05  4.94916000e-07
  4.00679040e-04  -2.25434000e-05  5.22458000e-07
  4.06264623e-04  -2.31839000e-05  5.51501000e-07
  4.11927482e-04  -2.38427000e-05  5.82121000e-07
  4.17670331e-04  -2.45202000e-05  6.14398000e-07
  4.23491769e-04  -2.52171000e-05  6.48450000e-07
  4.29396079e-04  -2.59338000e-05  6.84351000e-07
  4.35380305e-04  -2.66710000e-05  7.22195000e-07
  4.41450475e-04  -2.74291000e-05  7.62084000e-07
  4.47603527e-04  -2.82089000e-05  8.04136000e-07
  4.53842583e-04  -2.90109000e-05  8.48476000e-07
  4.60169316e-04  -2.98357000e-05  8.95227000e-07
  4.66583735e-04  -3.06841000e-05  9.44506000e-07
  4.73087549e-04  -3.15566000e-05  9.96440000e-07
  4.79682556e-04  -3.24540000e-05  1.05119000e-06
  4.86368747e-04  -3.33770000e-05  1.10889000e-06
  4.93147964e-04  -3.43262000e-05  1.16973000e-06
  5.00022152e-04  -3.53025000e-05  1.23385000e-06
  5.06993364e-04  -3.63065000e-05  1.30140000e-06
  5.14059517e-04  -3.73391000e-05  1.37263000e-06
  5.21224742e-04  -3.84010000e-05  1.44768000e-06
  5.28491278e-04  -3.94932000e-05  1.52676000e-06
  5.35859188e-04  -4.06164000e-05  1.61011000e-06
  5.43328417e-04  -4.17716000e-05  1.69795000e-06
  5.50901233e-04  -4.29595000e-05  1.79051000e-06
  5.58580041e-04  -4.41811000e-05  1.88803000e-06
  5.66367402e-04  -4.54375000e-05  1.99079000e-06
  5.74260723e-04  -4.67294000e-05  2.09906000e-06
  5.82267914e-04  -4.80580000e-05  2.21311000e-06
  5.90383619e-04  -4.94241000e-05  2.33329000e-06
  5.98613281e-04  -5.08288000e-05  2.45992000e-06
  6.06956904e-04  -5.22731000e-05  2.59329000e-06
  6.15417408e-04  -5.37581000e-05  2.73339000e-06
  6.23997909e-04  -5.52856000e-05  2.88012000e-06
  6.32695287e-04  -5.68567000e-05  3.03557000e-06
  6.41512554e-04  -5.84721000e-05  3.19940000e-06
  6.50456341e-04  -6.01329000e-05  3.37208000e-06
  6.59523379e-04  -6.18406000e-05  3.55408000e-06
  6.68717076e-04  -6.35964000e-05  3.74590000e-06
  6.78037378e-04  -6.54013000e-05  3.94807000e-06
  6.87487887e-04  -6.72568000e-05  4.16116000e-06
  6.97072464e-04  -6.91643000e-05  4.38572000e-06
  7.06791230e-04  -7.11245000e-05  4.62203000e-06
  7.16640018e-04  -7.31387000e-05  4.87066000e-06
  7.26631042e-04  -7.52096000e-05  5.13152000e-06
  7.36760273e-04  -7.73386000e-05  5.40584000e-06
  7.47032029e-04  -7.95273000e-05  5.69482000e-06
  7.57441720e-04  -8.17770000e-05  5.99921000e-06
  7.68003068e-04  -8.40894000e-05  6.31979000e-06
  7.78706776e-04  -8.64655000e-05  6.65759000e-06
  7.89562386e-04  -8.89071000e-05  7.01345000e-06
  8.00570039e-04  -9.14157000e-05  7.38809000e-06
  8.11729707e-04  -9.39931000e-05  7.78280000e-06
  8.23041175e-04  -9.66399000e-05  8.19852000e-06
  8.34515255e-04  -9.93576000e-05  8.63505000e-06
  8.46146506e-04  -1.02150000e-04  9.09132000e-06
  8.57940528e-04  -1.05019000e-04  9.57042000e-06
  8.69903375e-04  -1.07967000e-04  1.00741000e-05
  8.82029058e-04  -1.10997000e-04  1.06043000e-05
  8.94323584e-04  -1.14108000e-04  1.11624000e-05
  9.06786841e-04  -1.17304000e-04  1.17497000e-05
  9.19432122e-04  -1.20586000e-04  1.23680000e-05
  9.32246026e-04  -1.23957000e-04  1.30189000e-05
  9.45242192e-04  -1.27417000e-04  1.37040000e-05
  9.58420825e-04  -1.30968000e-04  1.44253000e-05
  9.71774320e-04  -1.34611000e-04  1.51846000e-05
  9.85325280e-04  -1.38348000e-04  1.59811000e-05
  9.99058479e-04  -1.42182000e-04  1.68164000e-05
  1.01298150e-03  -1.46118000e-04  1.76928000e-05
  1.02710260e-03  -1.50159000e-04  1.86130000e-05
  1.04142200e-03  -1.54305000e-04  1.95809000e-05
  1.05593971e-03  -1.58558000e-04  2.05993000e-05
  1.07065550e-03  -1.62920000e-04  2.16706000e-05
  1.08558787e-03  -1.67393000e-04  2.27974000e-05
  1.10071815e-03  -1.71979000e-04  2.39826000e-05
  1.11605538e-03  -1.76680000e-04  2.52297000e-05
  1.13161972e-03  -1.81497000e-04  2.65418000e-05
  1.14739099e-03  -1.86431000e-04  2.79220000e-05
  1.16337909e-03  -1.91483000e-04  2.93740000e-05
  1.17960607e-03  -1.96651000e-04  3.09011000e-05
  1.19603857e-03  -2.01937000e-04  3.24994000e-05
  1.21272210e-03  -2.07352000e-04  3.41717000e-05
  1.22962185e-03  -2.12900000e-04  3.59323000e-05
  1.24676133e-03  -2.18576000e-04  3.77928000e-05
  1.26414076e-03  -2.24376000e-04  3.97515000e-05
  1.28176141e-03  -2.30295000e-04  4.18134000e-05
  1.29962848e-03  -2.36325000e-04  4.39818000e-05
  1.31774471e-03  -2.42462000e-04  4.62489000e-05
  1.33611426e-03  -2.48704000e-04  4.86161000e-05
  1.35473853e-03  -2.55075000e-04  5.10551000e-05
  1.37362333e-03  -2.61599000e-04  5.35706000e-05
  1.39277016e-03  -2.68280000e-04  5.62101000e-05
  1.41218517e-03  -2.75118000e-04  5.89798000e-05
  1.43186998e-03  -2.82110000e-04  6.18859000e-05
  1.45182943e-03  -2.89272000e-04  6.49722000e-05
  1.47206689e-03  -2.96568000e-04  6.82546000e-05
  1.49258756e-03  -3.03965000e-04  7.17456000e-05
  1.51339319e-03  -3.11448000e-04  7.54392000e-05
  1.53448924e-03  -3.19014000e-04  7.93228000e-05
  1.55587944e-03  -3.26654000e-04  8.34065000e-05
  1.57756766e-03  -3.34335000e-04  8.77000000e-05
  1.59955782e-03  -3.42025000e-04  9.21622000e-05
  1.62185394e-03  -3.49779000e-04  9.67913000e-05
  1.64446234e-03  -3.57605000e-04  1.01620000e-04
  1.66738519e-03  -3.65484000e-04  1.06678000e-04
  1.69062686e-03  -3.73383000e-04  1.11986000e-04
  1.71419419e-03  -3.81271000e-04  1.17557000e-04
  1.73808957e-03  -3.89075000e-04  1.23410000e-04
  1.76231777e-03  -3.96669000e-04  1.29400000e-04
  1.78688371e-03  -4.04282000e-04  1.35478000e-04
  1.81178984e-03  -4.12008000e-04  1.41820000e-04
  1.83704664e-03  -4.19790000e-04  1.48609000e-04
  1.86265420e-03  -4.27401000e-04  1.55991000e-04
  1.88861794e-03  -4.34543000e-04  1.64011000e-04
  1.91494350e-03  -4.41091000e-04  1.72443000e-04
  1.94163673e-03  -4.46780000e-04  1.81158000e-04
  1.96870372e-03  -4.51754000e-04  1.90111000e-04
  1.99614438e-03  -4.55960000e-04  1.99349000e-04
  2.02397139e-03  -4.59182000e-04  2.08968000e-04
  2.05218484e-03  -4.61109000e-04  2.19042000e-04
  2.08079135e-03  -4.61339000e-04  2.29600000e-04
  2.10979427e-03  -4.59324000e-04  2.40666000e-04
  2.13920421e-03  -4.53722000e-04  2.52288000e-04
  2.16902496e-03  -4.42940000e-04  2.64508000e-04
  2.19926024e-03  -4.23721000e-04  2.77437000e-04
  2.22991371e-03  -3.87485000e-04  2.91058000e-04
  2.26099721e-03  -2.43435000e-04  3.05359000e-04
  2.29251493e-03  -2.71060000e-06  1.65887000e-05
  2.32447107e-03  -3.62262000e-04  1.74258000e-05
  2.35687423e-03  -4.28421000e-04  1.83051000e-05
  2.38972888e-03  -4.74188000e-04  1.92288000e-05
  2.42303947e-03  -5.12077000e-04  2.01999000e-05
  2.45681526e-03  -5.45659000e-04  2.12202000e-05
  2.49106107e-03  -5.76728000e-04  2.22915000e-05
  2.52578683e-03  -6.06275000e-04  2.34164000e-05
  2.56099246e-03  -6.34904000e-04  2.45985000e-05
  2.59669363e-03  -6.62961000e-04  2.58406000e-05
  2.63289045e-03  -6.90637000e-04  2.71459000e-05
  2.66958820e-03  -7.18326000e-04  2.85166000e-05
  2.70680397e-03  -7.46152000e-04  2.99567000e-05
  2.74453194e-03  -7.74219000e-04  3.14703000e-05
  2.78278996e-03  -8.02613000e-04  3.30616000e-05
  2.82158450e-03  -8.31408000e-04  3.47346000e-05
  2.86091549e-03  -8.60668000e-04  3.64926000e-05
  2.90079582e-03  -8.90382000e-04  3.83392000e-05
  2.94123221e-03  -9.20679000e-04  4.02791000e-05
  2.98223152e-03  -9.51606000e-04  4.23171000e-05
  3.02380071e-03  -9.83207000e-04  4.44590000e-05
  3.06594688e-03  -1.01552000e-03  4.67093000e-05
  3.10868504e-03  -1.04857000e-03  4.90721000e-05
  3.15202324e-03  -1.08242000e-03  5.15529000e-05
  3.19596148e-03  -1.11704000e-03  5.41557000e-05
  3.24050752e-03  -1.15251000e-03  5.68664000e-05
  3.28567799e-03  -1.18888000e-03  5.97009000e-05
  3.33148176e-03  -1.22620000e-03  6.26734000e-05
  3.37791878e-03  -1.26449000e-03  6.57940000e-05
  3.42500710e-03  -1.30379000e-03  6.90702000e-05
  3.47274670e-03  -1.34414000e-03  7.25094000e-05
  3.52115672e-03  -1.38555000e-03  7.61191000e-05
  3.57023719e-03  -1.42805000e-03  7.99095000e-05
  3.62000846e-03  -1.47171000e-03  8.38885000e-05
  3.67047067e-03  -1.51656000e-03  8.80654000e-05
  3.72163434e-03  -1.56263000e-03  9.24505000e-05
  3.77351035e-03  -1.60997000e-03  9.70540000e-05
  3.82611000e-03  -1.65861000e-03  1.01887000e-04
  3.87944503e-03  -1.70859000e-03  1.06961000e-04
  3.93351520e-03  -1.75994000e-03  1.12288000e-04
  3.98834497e-03  -1.81272000e-03  1.17880000e-04
  4.04394760e-03  -1.86698000e-03  1.23749000e-04
  4.10030979e-03  -1.92274000e-03  1.29910000e-04
  4.15747156e-03  -1.98007000e-03  1.36379000e-04
  4.21543361e-03  -2.03901000e-03  1.43170000e-04
  4.27418105e-03  -2.09960000e-03  1.50300000e-04
  4.33377200e-03  -2.16187000e-03  1.57783000e-04
  4.39417696e-03  -2.22589000e-03  1.65636000e-04
  4.45542600e-03  -2.29169000e-03  1.73858000e-04
  4.51753524e-03  -2.35936000e-03  1.82451000e-04
  4.58050472e-03  -2.42895000e-03  1.91428000e-04
  4.64435084e-03  -2.50057000e-03  2.00821000e-04
  4.70909084e-03  -2.57427000e-03  2.10674000e-04
  4.77474290e-03  -2.65010000e-03  2.21011000e-04
  4.84128841e-03  -2.72814000e-03  2.31856000e-04
  4.90878322e-03  -2.80848000e-03  2.43232000e-04
  4.97720867e-03  -2.89120000e-03  2.55167000e-04
  5.04658385e-03  -2.97641000e-03  2.67688000e-04
  5.11692894e-03  -3.06436000e-03  2.80824000e-04
  5.18826528e-03  -3.15539000e-03  2.94765000e-04
  5.26059322e-03  -3.24945000e-03  3.10550000e-04
  5.33391191e-03  -3.34517000e-03  3.27542000e-04
  5.40826639e-03  -3.44338000e-03  3.45477000e-04
  5.48365724e-03  -3.54419000e-03  3.64395000e-04
  5.56008384e-03  -3.64765000e-03  3.84348000e-04
  5.63759547e-03  -3.75386000e-03  4.05394000e-04
  5.71619319e-03  -3.86289000e-03  4.27594000e-04
  5.79584977e-03  -3.97480000e-03  4.51010000e-04
  5.87664489e-03  -4.08959000e-03  4.75703000e-04
  5.95858031e-03  -4.20737000e-03  5.01753000e-04
  6.04162713e-03  -4.32818000e-03  5.29229000e-04
  6.12584252e-03  -4.45205000e-03  5.58209000e-04
  6.21122674e-03  -4.57902000e-03  5.88779000e-04
  6.29781060e-03  -4.70910000e-03  6.21021000e-04
  6.38559422e-03  -4.84228000e-03  6.55028000e-04
  6.47461004e-03  -4.97844000e-03  6.90895000e-04
  6.56485805e-03  -5.11744000e-03  7.28735000e-04
  6.65637248e-03  -5.25906000e-03  7.68639000e-04
  6.74915330e-03  -5.40251000e-03  8.10731000e-04
  6.84323669e-03  -5.54695000e-03  8.52546000e-04
  6.93862267e-03  -5.69395000e-03  8.92115000e-04
  7.03534959e-03  -5.84794000e-03  9.31391000e-04
  7.13341761e-03  -6.00748000e-03  9.72405000e-04
  7.23286745e-03  -6.17206000e-03  1.01522000e-03
  7.33369958e-03  -6.34150000e-03  1.05993000e-03
  7.43591279e-03  -6.51585000e-03  1.10661000e-03
  7.53955000e-03  -6.69517000e-03  1.15533000e-03
  7.64465736e-03  -6.87955000e-03  1.20621000e-03
  7.75123620e-03  -7.06909000e-03  1.25933000e-03
  7.85928618e-03  -7.26388000e-03  1.31479000e-03
  7.96880516e-03  -7.46403000e-03  1.37270000e-03
  8.07989431e-03  -7.66969000e-03  1.43315000e-03
  8.19255642e-03  -7.88097000e-03  1.49628000e-03
  8.30673705e-03  -8.09800000e-03  1.56220000e-03
  8.42254515e-03  -8.32093000e-03  1.63102000e-03
  8.53992406e-03  -8.54992000e-03  1.70288000e-03
  8.65898994e-03  -8.78511000e-03  1.77791000e-03
  8.77968403e-03  -9.02665000e-03  1.85624000e-03
  8.90206651e-03  -9.27479000e-03  1.93805000e-03
  9.02613690e-03  -9.52977000e-03  2.02346000e-03
  9.15196013e-03  -9.79206000e-03  2.11264000e-03
  9.27953718e-03  -1.00618000e-02  2.20669000e-03
  9.40886700e-03  -1.03384000e-02  2.30637000e-03
  9.54001967e-03  -1.06213000e-02  2.41059000e-03
  9.67307123e-03  -1.09111000e-02  2.51952000e-03
  9.80787158e-03  -1.12080000e-02  2.63341000e-03
  9.94456994e-03  -1.15122000e-02  2.75243000e-03
  1.00832487e-02  -1.18238000e-02  2.87682000e-03
  1.02237448e-02  -1.21430000e-02  3.00683000e-03
  1.03663068e-02  -1.24699000e-02  3.14272000e-03
  1.05107648e-02  -1.28047000e-02  3.28477000e-03
  1.06572927e-02  -1.31473000e-02  3.43325000e-03
  1.08058943e-02  -1.34978000e-02  3.58843000e-03
  1.09564742e-02  -1.38563000e-02  3.75065000e-03
  1.11092220e-02  -1.42229000e-02  3.92022000e-03
  1.12640404e-02  -1.45975000e-02  4.09746000e-03
  1.14211330e-02  -1.49802000e-02  4.28274000e-03
  1.15802925e-02  -1.53708000e-02  4.47642000e-03
  1.17417292e-02  -1.57692000e-02  4.67883000e-03
  1.19053784e-02  -1.61745000e-02  4.89046000e-03
  1.20713293e-02  -1.65864000e-02  5.11162000e-03
  1.22396064e-02  -1.70035000e-02  5.34285000e-03
  1.24102097e-02  -1.74227000e-02  5.58455000e-03
  1.25832124e-02  -1.78414000e-02  5.82765000e-03
  1.27586150e-02  -1.82648000e-02  6.06304000e-03
  1.29364556e-02  -1.87107000e-02  6.30002000e-03
  1.31167875e-02  -1.91725000e-02  6.54631000e-03
  1.32996245e-02  -1.96480000e-02  6.80229000e-03
  1.34850231e-02  -2.01367000e-02  7.06832000e-03
  1.36729978e-02  -2.06382000e-02  7.34482000e-03
  1.38635930e-02  -2.11527000e-02  7.63219000e-03
  1.40568388e-02  -2.16801000e-02  7.93088000e-03
  1.42527822e-02  -2.22205000e-02  8.24133000e-03
  1.44514558e-02  -2.27741000e-02  8.56401000e-03
  1.46529096e-02  -2.33409000e-02  8.89938000e-03
  1.48571606e-02  -2.39211000e-02  9.24796000e-03
  1.50642612e-02  -2.45149000e-02  9.61022000e-03
  1.52742475e-02  -2.51225000e-02  9.98671000e-03
  1.54871562e-02  -2.57441000e-02  1.03780000e-02
  1.57030449e-02  -2.63799000e-02  1.07847000e-02
  1.59219332e-02  -2.70301000e-02  1.12075000e-02
  1.61438814e-02  -2.76947000e-02  1.16469000e-02
  1.63689103e-02  -2.83740000e-02  1.21037000e-02
  1.65970832e-02  -2.90682000e-02  1.25785000e-02
  1.68284447e-02  -2.97776000e-02  1.30720000e-02
  1.70630170e-02  -3.05023000e-02  1.35851000e-02
  1.73008693e-02  -3.12427000e-02  1.41184000e-02
  1.75420253e-02  -3.19992000e-02  1.46729000e-02
  1.77865584e-02  -3.27730000e-02  1.52501000e-02
  1.80344943e-02  -3.35613000e-02  1.58534000e-02
  1.82858843e-02  -3.43638000e-02  1.64812000e-02
  1.85407815e-02  -3.51811000e-02  1.71340000e-02
  1.87992411e-02  -3.60133000e-02  1.78130000e-02
  1.90612909e-02  -3.68605000e-02  1.85190000e-02
  1.93269880e-02  -3.77226000e-02  1.92532000e-02
  1.95963917e-02  -3.85991000e-02  2.00167000e-02
  1.98695635e-02  -3.94896000e-02  2.08105000e-02
  2.01465350e-02  -4.03945000e-02  2.16360000e-02
  2.04273705e-02  -4.13133000e-02  2.24942000e-02
  2.07121026e-02  -4.22460000e-02  2.33866000e-02
  2.10008339e-02  -4.31922000e-02  2.43145000e-02
  2.12935648e-02  -4.41510000e-02  2.52797000e-02
  2.15903656e-02  -4.51219000e-02  2.62833000e-02
  2.18913491e-02  -4.61026000e-02  2.73271000e-02
  2.21964768e-02  -4.70933000e-02  2.84128000e-02
  2.25059052e-02  -4.80929000e-02  2.95419000e-02
  2.28196357e-02  -4.90998000e-02  3.07162000e-02
  2.31377080e-02  -5.01121000e-02  3.19376000e-02
  2.34602499e-02  -5.11281000e-02  3.32080000e-02
  2.37872616e-02  -5.21448000e-02  3.45293000e-02
  2.41188321e-02  -5.31544000e-02  3.59037000e-02
  2.44550551e-02  -5.41538000e-02  3.73333000e-02
  2.47959304e-02  -5.51324000e-02  3.88202000e-02
  2.51416051e-02  -5.60615000e-02  4.03667000e-02
  2.54920280e-02  -5.69307000e-02  4.19135000e-02
  2.58474056e-02  -5.77803000e-02  4.34011000e-02
  2.62076856e-02  -5.87046000e-02  4.48833000e-02
  2.65730314e-02  -5.96723000e-02  4.64172000e-02
  2.69434437e-02  -6.06629000e-02  4.80049000e-02
  2.73189774e-02  -6.16693000e-02  4.96481000e-02
  2.76998112e-02  -6.26874000e-02  5.13490000e-02
  2.80859478e-02  -6.37135000e-02  5.31096000e-02
  2.84774486e-02  -6.47448000e-02  5.49321000e-02
  2.88743761e-02  -6.57780000e-02  5.68186000e-02
  2.92768627e-02  -6.68094000e-02  5.87714000e-02
  2.96849782e-02  -6.78343000e-02  6.07930000e-02
  3.00987939e-02  -6.88494000e-02  6.28862000e-02
  3.05183073e-02  -6.98506000e-02  6.50520000e-02
  3.09437405e-02  -7.08340000e-02  6.72937000e-02
  3.13750960e-02  -7.17938000e-02  6.96146000e-02
  3.18124513e-02  -7.27220000e-02  7.20178000e-02
  3.22558854e-02  -7.36099000e-02  7.45064000e-02
  3.27054795e-02  -7.44339000e-02  7.70834000e-02
  3.31614051e-02  -7.51782000e-02  7.97521000e-02
  3.36236641e-02  -7.58011000e-02  8.25160000e-02
  3.40923445e-02  -7.61614000e-02  8.53007000e-02
  3.45676331e-02  -7.63808000e-02  8.79060000e-02
  3.50494334e-02  -7.67430000e-02  9.02283000e-02
  3.55380370e-02  -7.72377000e-02  9.26185000e-02
  3.60334474e-02  -7.78127000e-02  9.50782000e-02
  3.65356602e-02  -7.84222000e-02  9.76105000e-02
  3.70449941e-02  -7.90503000e-02  1.00218000e-01
  3.75613416e-02  -7.96890000e-02  1.02903000e-01
  3.80849249e-02  -8.03317000e-02  1.05669000e-01
  3.86158631e-02  -8.09724000e-02  1.08517000e-01
  3.91541567e-02  -8.16058000e-02  1.11452000e-01
  3.96999242e-02  -8.22279000e-02  1.14476000e-01
  4.02532893e-02  -8.28338000e-02  1.17590000e-01
  4.08143809e-02  -8.34248000e-02  1.20794000e-01
  4.13833333e-02  -8.40012000e-02  1.24110000e-01
  4.43000000e-02  -1.65590000e-01  1.64000000e-01
  4.51544000e-02  -1.63204000e-01  1.73668000e-01
  4.60253000e-02  -1.62651000e-01  1.84639000e-01
  4.69130000e-02  -1.62219000e-01  1.96599000e-01
  4.78178000e-02  -1.61452000e-01  2.09919000e-01
  4.87400000e-02  -1.58658000e-01  2.25326000e-01
  4.96800000e-02  -1.52161000e-01  2.40793000e-01
  5.06382000e-02  -1.44596000e-01  2.50311000e-01
  5.16149000e-02  -1.39932000e-01  2.58299000e-01
  5.26103000e-02  -1.37864000e-01  2.66440000e-01
  5.36250000e-02  -1.38204000e-01  2.76230000e-01
  5.46593000e-02  -1.38837000e-01  2.90304000e-01
  5.57135000e-02  -1.37522000e-01  3.07250000e-01
  5.67880000e-02  -1.34315000e-01  3.25178000e-01
  5.78833000e-02  -1.29633000e-01  3.43585000e-01
  5.89996000e-02  -1.22362000e-01  3.65993000e-01
  6.01376000e-02  -1.10707000e-01  3.85614000e-01
  6.12974000e-02  -9.77100000e-02  4.04654000e-01
  6.24796000e-02  -8.33960000e-02  4.23118000e-01
  6.36847000e-02  -6.79580000e-02  4.41180000e-01
  6.49129000e-02  -5.14180000e-02  4.58479000e-01
  6.61649000e-02  -3.18580000e-02  4.78130000e-01
  6.74410000e-02  -8.39300000e-03  4.97755000e-01
  6.87417000e-02  1.99300000e-02  5.14897000e-01
  7.00675000e-02  5.05300000e-02  5.23767000e-01
  7.14189000e-02  8.06400000e-02  5.29484000e-01
  7.27963000e-02  1.09800000e-01  5.32755000e-01
  7.42003000e-02  1.39440000e-01  5.33069000e-01
  7.56314000e-02  1.67100000e-01  5.29423000e-01
  7.70901000e-02  1.93200000e-01  5.25173000e-01
  7.85769000e-02  2.16950000e-01  5.17868000e-01
  8.00924000e-02  2.39610000e-01  5.09649000e-01
  8.16371000e-02  2.59670000e-01  5.03873000e-01
  8.32117000e-02  2.82200000e-01  4.99815000e-01
  8.48165000e-02  3.09920000e-01  4.99241000e-01
  8.64524000e-02  3.42720000e-01  4.89144000e-01
  8.81198000e-02  3.79200000e-01  4.72603000e-01
  8.98193000e-02  3.99930000e-01  4.31914000e-01
  9.15516000e-02  4.14390000e-01  3.86092000e-01
  9.33174000e-02  4.07930000e-01  3.57119000e-01
  9.51172000e-02  4.01610000e-01  3.41383000e-01
  9.69517000e-02  4.01070000e-01  3.30163000e-01
  9.88215000e-02  4.01590000e-01  3.19996000e-01
  1.00727000e-01  4.04580000e-01  3.07530000e-01
  1.02670000e-01  4.08180000e-01  2.94925000e-01
  1.04650000e-01  4.07170000e-01  2.78184000e-01
  1.06669000e-01  4.03970000e-01  2.60353000e-01
  1.08726000e-01  3.98060000e-01  2.48012000e-01
  1.10823000e-01  3.89890000e-01  2.42452000e-01
  1.12960000e-01  3.83540000e-01  2.39000000e-01
  1.15139000e-01  3.81060000e-01  2.40396000e-01
  1.17360000e-01  3.81660000e-01  2.43103000e-01
  1.19623000e-01  3.89510000e-01  2.45580000e-01
  1.21930000e-01  4.00360000e-01  2.39564000e-01
  1.24282000e-01  4.08590000e-01  2.21248000e-01
  1.26679000e-01  4.03630000e-01  1.99404000e-01
  1.29122000e-01  3.83790000e-01  1.77263000e-01
  1.31613000e-01  3.45850000e-01  1.78335000e-01
  1.34151000e-01  3.13690000e-01  2.04586000e-01
  1.36738000e-01  2.89440000e-01  2.61520000e-01
  1.39375000e-01  3.22280000e-01  3.45714000e-01
  1.42064000e-01  4.03590000e-01  3.95747000e-01
  1.44804000e-01  5.13680000e-01  3.92862000e-01
  1.47596000e-01  5.96280000e-01  3.32058000e-01
  1.50443000e-01  6.22690000e-01  2.46255000e-01
  1.53345000e-01  6.34820000e-01  1.90554000e-01
  1.56302000e-01  6.37550000e-01  1.22728000e-01
  1.59317000e-01  6.14340000e-01  4.78036000e-02
  1.62389000e-01  5.58900000e-01  1.15428000e-02
  1.65521000e-01  5.17310000e-01  2.57085000e-03
  1.68714000e-01  4.89480000e-01  5.56158000e-04
  1.71968000e-01  4.68970000e-01  1.17102000e-04
  1.75284000e-01  4.53130000e-01  2.37760000e-05
  1.78665000e-01  4.40280000e-01  4.69712000e-06
  1.82111000e-01  4.29200000e-01  8.77535000e-07
  1.85623000e-01  4.19920000e-01  1.53919000e-07
  1.89203000e-01  4.11770000e-01  8.87239000e-08
  1.92852000e-01  4.04710000e-01  6.24458000e-08
  1.96572000e-01  3.98450000e-01  4.64955000e-08
  2.00363000e-01  3.93090000e-01  3.74825000e-08
  2.04227000e-01  3.87760000e-01  3.15556000e-08
  2.08166000e-01  3.82440000e-01  2.69447000e-08
  2.12181000e-01  3.78290000e-01  2.35935000e-08
  2.16273000e-01  3.75120000e-01  2.12678000e-08
  2.20445000e-01  3.71960000e-01  1.96115000e-08
  2.24696000e-01  3.68730000e-01  1.79143000e-08
  2.29030000e-01  3.65510000e-01  1.64961000e-08
  2.33447000e-01  3.62310000e-01  1.53601000e-08
  2.37950000e-01  3.59130000e-01  1.45812000e-08
  2.42539000e-01  3.55910000e-01  1.39906000e-08
  2.47217000e-01  3.52680000e-01  1.35202000e-08
  2.51985000e-01  3.50070000e-01  1.32798000e-08
  2.56845000e-01  3.48320000e-01  1.32311000e-08
  2.61798000e-01  3.46560000e-01  1.31632000e-08
  2.66848000e-01  3.44790000e-01  1.30619000e-08
  2.71994000e-01  3.43010000e-01  1.29180000e-08
  2.77240000e-01  3.41230000e-01  1.27077000e-08
  2.82587000e-01  3.39460000e-01  1.23852000e-08
  2.88037000e-01  3.37720000e-01  1.19507000e-08
  2.93593000e-01  3.35940000e-01  1.15029000e-08
  2.99255000e-01  3.34130000e-01  1.10568000e-08
  3.05027000e-01  3.32940000e-01  1.00918000e-08
  3.10910000e-01  3.31830000e-01  9.17977000e-09
  3.16906000e-01  3.30750000e-01  8.55242000e-09
  3.23018000e-01  3.29650000e-01  8.06212000e-09
  3.29248000e-01  3.28530000e-01  7.69293000e-09
  3.35598000e-01  3.27390000e-01  7.27663000e-09
  3.42071000e-01  3.26240000e-01  6.81271000e-09
  3.48668000e-01  3.25120000e-01  6.25559000e-09
  3.55393000e-01  3.24300000e-01  5.55574000e-09
  3.62247000e-01  3.23530000e-01  4.86137000e-09
  3.69234000e-01  3.22690000e-01  4.19643000e-09
  3.76355000e-01  3.21900000e-01  3.66810000e-09
  3.83614000e-01  3.21100000e-01  3.31362000e-09
  3.91013000e-01  3.20300000e-01  3.08786000e-09
  3.98554000e-01  3.19540000e-01  2.86107000e-09
  4.06241000e-01  3.18840000e-01  2.62143000e-09
  4.14076000e-01  3.18190000e-01  2.40419000e-09
  4.22062000e-01  3.17600000e-01  2.22129000e-09
  4.30202000e-01  3.17010000e-01  2.07637000e-09
  4.38500000e-01  3.16430000e-01  1.93435000e-09
  4.46957000e-01  3.15880000e-01  1.64345000e-09
  4.55577000e-01  3.15350000e-01  1.53439000e-09
  4.64364000e-01  3.14840000e-01  1.53875000e-09
  4.73320000e-01  3.14340000e-01  1.57953000e-09
  4.82449000e-01  3.13870000e-01  1.67349000e-09
  4.91754000e-01  3.13410000e-01  1.80232000e-09
  5.01238000e-01  3.12960000e-01  1.93731000e-09
  5.10905000e-01  3.12530000e-01  2.15069000e-09
  5.20759000e-01  3.12120000e-01  2.28030000e-09
  5.30803000e-01  3.11720000e-01  2.56955000e-09
  5.41040000e-01  3.11320000e-01  2.94838000e-09
  5.51475000e-01  3.10940000e-01  3.13612000e-09
  5.62111000e-01  3.10570000e-01  3.33761000e-09
  5.72953000e-01  3.10210000e-01  3.66707000e-09
  5.84003000e-01  3.09870000e-01  4.35903000e-09
  5.95266000e-01  3.09520000e-01  5.31240000e-09
  6.06747000e-01  3.09180000e-01  6.49113000e-09
  6.18449000e-01  3.08860000e-01  8.29497000e-09
  6.30377000e-01  3.08540000e-01  1.04633000e-08
  6.42535000e-01  3.08230000e-01  1.27042000e-08
  6.54928000e-01  3.07920000e-01  1.53949000e-08
  6.67559000e-01  3.07620000e-01  1.83140000e-08
  6.80434000e-01  3.07320000e-01  2.10267000e-08
  6.93557000e-01  3.07020000e-01  2.56793000e-08
  7.06934000e-01  3.06730000e-01  3.26536000e-08
  7.20568000e-01  3.06450000e-01  4.04497000e-08
  7.34466000e-01  3.06160000e-01  4.56762000e-08
  7.48631000e-01  3.05880000e-01  5.73064000e-08
  7.63070000e-01  3.05600000e-01  7.51223000e-08
  7.77787000e-01  3.05320000e-01  9.81886000e-08
  7.92788000e-01  3.05040000e-01  1.22278000e-07
  8.08078000e-01  3.04760000e-01  1.38832000e-07
  8.23663000e-01  3.04480000e-01  1.43732000e-07
  8.39549000e-01  3.04200000e-01  1.50726000e-07
  8.55741000e-01  3.03920000e-01  2.00786000e-07
  8.72246000e-01  3.03630000e-01  2.79390000e-07
  8.89069000e-01  3.03350000e-01  3.86335000e-07
  9.06216000e-01  3.03050000e-01  4.34792000e-07
  9.23694000e-01  3.02770000e-01  4.87391000e-07
  9.41509000e-01  3.02460000e-01  5.60162000e-07
  9.59668000e-01  3.02170000e-01  7.49369000e-07
  9.78177000e-01  3.01850000e-01  1.08198000e-06
  9.97042000e-01  3.01540000e-01  1.52851000e-06
  1.01627000e+00  3.01220000e-01  2.15364000e-06
  1.03587000e+00  3.00890000e-01  2.33000000e-06
  1.05585000e+00  3.00550000e-01  2.04429000e-06
  1.07622000e+00  3.00200000e-01  1.76609000e-06
  1.09697000e+00  2.99840000e-01  1.70900000e-06
  1.11813000e+00  2.99480000e-01  1.80866000e-06
  1.13969000e+00  2.99100000e-01  2.24330000e-06
  1.16168000e+00  2.98700000e-01  3.16177000e-06
  1.18408000e+00  2.98290000e-01  5.15251000e-06
  1.20692000e+00  2.97870000e-01  8.00677000e-06
  1.23019000e+00  2.97430000e-01  1.13169000e-05
  1.25392000e+00  2.96980000e-01  1.30171000e-05
  1.27811000e+00  2.96500000e-01  1.33375000e-05
  1.30276000e+00  2.95990000e-01  1.31723000e-05
  1.32788000e+00  2.95460000e-01  1.32000000e-05
  1.35349000e+00  2.94910000e-01  1.40043000e-05
  1.37960000e+00  2.94310000e-01  1.57585000e-05
  1.40620000e+00  2.93650000e-01  2.28869000e-05
  1.43333000e+00  2.92900000e-01  1.01737000e-04
  1.46097000e+00  2.92300000e-01  2.88632000e-04
  1.48915000e+00  2.91780000e-01  5.28659000e-04
  1.51787000e+00  2.91240000e-01  5.02587000e-04
  1.54714000e+00  2.90620000e-01  4.27116000e-04
  1.57698000e+00  2.89910000e-01  3.25113000e-04
  1.60740000e+00  2.89010000e-01  2.59410000e-04
  1.63840000e+00  2.88130000e-01  2.35842000e-04
  1.67000000e+00  2.87180000e-01  2.00162000e-04
  1.70221000e+00  2.86150000e-01  1.70685000e-04
  1.73504000e+00  2.85040000e-01  1.49527000e-04
  1.76850000e+00  2.83750000e-01  1.38725000e-04
  1.80261000e+00  2.82480000e-01  1.30382000e-04
  1.83737000e+00  2.81040000e-01  1.23000000e-04
  1.87281000e+00  2.79390000e-01  1.56453000e-04
  1.90893000e+00  2.77480000e-01  4.88735000e-04
  1.94575000e+00  2.75990000e-01  1.16465000e-03
  1.98328000e+00  2.74620000e-01  1.62574000e-03
  2.02153000e+00  2.73200000e-01  1.56339000e-03
  2.06052000e+00  2.71460000e-01  1.28836000e-03
  2.10026000e+00  2.69330000e-01  8.26460000e-04
  2.14076000e+00  2.66590000e-01  4.59263000e-04
  2.18205000e+00  2.63410000e-01  2.96285000e-04
  2.22414000e+00  2.60020000e-01  2.25004000e-04
  2.26703000e+00  2.56050000e-01  2.21324000e-04
  2.31076000e+00  2.51720000e-01  3.25536000e-04
  2.35532000e+00  2.46870000e-01  4.86439000e-04
  2.40075000e+00  2.41220000e-01  5.93097000e-04
  2.44705000e+00  2.34690000e-01  6.81003000e-04
  2.49425000e+00  2.26770000e-01  7.89017000e-04
  2.54236000e+00  2.17130000e-01  8.49488000e-04
  2.59139000e+00  2.04660000e-01  9.40740000e-04
  2.64137000e+00  1.87230000e-01  1.94166000e-03
  2.69231000e+00  1.64780000e-01  4.58211000e-03
  2.74424000e+00  1.32850000e-01  1.11083000e-02
  2.79717000e+00  8.78000000e-02  2.74474000e-02
  2.85111000e+00  2.34600000e-02  7.08075000e-02
  2.90610000e+00  -3.73750000e-02  1.90406000e-01
  2.96215000e+00  2.42000000e-03  3.36656000e-01
  3.01928000e+00  7.28000000e-02  4.87479000e-01
  3.07751000e+00  3.27830000e-01  6.24110000e-01
  3.13687000e+00  5.55540000e-01  4.85772000e-01
  3.19737000e+00  6.49350000e-01  2.91863000e-01
  3.25904000e+00  6.10950000e-01  1.54136000e-01
  3.32189000e+00  5.57780000e-01  8.36852000e-02
  3.38596000e+00  5.14040000e-01  4.40622000e-02
  3.45126000e+00  4.76610000e-01  2.38255000e-02
  3.51783000e+00  4.48070000e-01  1.42235000e-02
  3.58568000e+00  4.26180000e-01  9.44774000e-03
  3.65483000e+00  4.09370000e-01  7.66333000e-03
  3.72532000e+00  3.95470000e-01  6.91620000e-03
  3.79717000e+00  3.84230000e-01  6.70954000e-03
  3.87041000e+00  3.74850000e-01  7.34151000e-03
  3.94505000e+00  3.66970000e-01  8.68508000e-03
  4.02114000e+00  3.60290000e-01  9.90104000e-03
  4.09870000e+00  3.54160000e-01  1.10951000e-02
  4.17775000e+00  3.48710000e-01  1.29144000e-02
  4.25832000e+00  3.43530000e-01  1.53598000e-02
  4.34045000e+00  3.39210000e-01  1.95646000e-02
  4.42416000e+00  3.38330000e-01  2.49185000e-02
  4.50949000e+00  3.40780000e-01  2.90321000e-02
  4.59646000e+00  3.46090000e-01  2.68426000e-02
  4.68512000e+00  3.44730000e-01  1.95120000e-02
  4.77548000e+00  3.41220000e-01  1.57984000e-02
  4.86758000e+00  3.36410000e-01  1.36552000e-02
  4.96146000e+00  3.31190000e-01  1.23514000e-02
  5.05715000e+00  3.25730000e-01  1.22845000e-02
  5.15469000e+00  3.20400000e-01  1.29866000e-02
  5.25410000e+00  3.14840000e-01  1.39141000e-02
  5.35544000e+00  3.08840000e-01  1.62850000e-02
  5.45873000e+00  3.02810000e-01  1.97304000e-02
  5.56401000e+00  2.96800000e-01  2.44696000e-02
  5.67132000e+00  2.91180000e-01  3.16414000e-02
  5.78070000e+00  2.86010000e-01  4.20790000e-02
  5.89219000e+00  2.88910000e-01  5.76323000e-02
  6.00583000e+00  2.97460000e-01  6.50939000e-02
  6.12167000e+00  3.07670000e-01  6.98196000e-02
  6.23973000e+00  3.16470000e-01  6.72603000e-02
  6.36008000e+00  3.21650000e-01  6.24396000e-02
  6.48274000e+00  3.20660000e-01  5.62657000e-02
  6.60777000e+00  3.17780000e-01  5.56490000e-02
  6.73522000e+00  3.17820000e-01  5.77576000e-02
  6.86512000e+00  3.19200000e-01  5.72244000e-02
  6.99752000e+00  3.19390000e-01  5.56015000e-02
  7.13248000e+00  3.19000000e-01  5.50000000e-02
  7.27004000e+00  3.18830000e-01  5.35414000e-02
  7.41026000e+00  3.17100000e-01  5.20000000e-02
  7.55318000e+00  3.15600000e-01  5.20000000e-02
  7.69885000e+00  3.15410000e-01  5.18828000e-02
  7.84734000e+00  3.15240000e-01  4.91280000e-02
  7.99869000e+00  3.13280000e-01  4.50198000e-02
  8.15296000e+00  3.08480000e-01  4.02843000e-02
  8.31020000e+00  3.00580000e-01  3.73257000e-02
  8.47048000e+00  2.92740000e-01  3.89352000e-02
  8.63385000e+00  2.86300000e-01  3.97188000e-02
  8.80037000e+00  2.79430000e-01  4.08903000e-02
  8.97010000e+00  2.72280000e-01  4.25020000e-02
  9.14310000e+00  2.64950000e-01  4.43097000e-02
  9.31944000e+00  2.56490000e-01  4.52286000e-02
  9.49918000e+00  2.46470000e-01  4.59066000e-02
  9.68239000e+00  2.32180000e-01  4.65666000e-02
  9.86913000e+00  2.14620000e-01  4.83019000e-02
  1.00595000e+01  1.90860000e-01  5.48424000e-02
  1.02535000e+01  1.63590000e-01  6.96978000e-02
  1.04512000e+01  1.31600000e-01  9.32920000e-02
  1.06528000e+01  1.00110000e-01  1.37595000e-01
  1.08583000e+01  8.76800000e-02  2.00186000e-01
  1.10677000e+01  1.01170000e-01  2.67271000e-01
  1.12812000e+01  1.34880000e-01  3.20601000e-01
  1.14987000e+01  1.75810000e-01  3.60136000e-01
  1.17205000e+01  2.21010000e-01  3.88879000e-01
  1.19466000e+01  2.68410000e-01  4.11012000e-01
  1.21770000e+01  3.18130000e-01  4.20999000e-01
  1.24118000e+01  3.67470000e-01  4.22000000e-01
  1.26512000e+01  4.13820000e-01  4.12853000e-01
  1.28952000e+01  4.56730000e-01  3.96722000e-01
  1.31439000e+01  4.93890000e-01  3.75386000e-01
  1.33974000e+01  5.22820000e-01  3.46730000e-01
  1.36558000e+01  5.45360000e-01  3.19518000e-01
  1.39192000e+01  5.64370000e-01  2.90323000e-01
  1.41876000e+01  5.76830000e-01  2.57837000e-01
  1.44613000e+01  5.79830000e-01  2.24989000e-01
  1.47402000e+01  5.78310000e-01  1.95422000e-01
  1.50245000e+01  5.70240000e-01  1.72958000e-01
  1.53143000e+01  5.60970000e-01  1.55320000e-01
  1.56096000e+01  5.51450000e-01  1.42784000e-01
  1.59107000e+01  5.43610000e-01  1.33909000e-01
  1.62175000e+01  5.36340000e-01  1.26977000e-01
  1.65303000e+01  5.32580000e-01  1.23989000e-01
  1.68491000e+01  5.32970000e-01  1.18461000e-01
  1.71741000e+01  5.33010000e-01  1.08969000e-01
  1.75053000e+01  5.28330000e-01  9.80570000e-02
  1.78430000e+01  5.22630000e-01  8.79162000e-02
  1.81871000e+01  5.16880000e-01  7.89233000e-02
  1.85379000e+01  5.08640000e-01  7.52561000e-02
  1.88954000e+01  5.00670000e-01  7.22775000e-02
  1.92598000e+01  4.97010000e-01  7.59203000e-02
  1.96313000e+01  4.99400000e-01  7.45354000e-02
  2.00099000e+01  5.01460000e-01  6.66780000e-02
  2.03958000e+01  4.98660000e-01  5.53726000e-02
  2.07892000e+01  4.91300000e-01  4.58775000e-02
  2.11902000e+01  4.82610000e-01  4.00475000e-02
  2.15989000e+01  4.73790000e-01  3.51680000e-02
  2.20154000e+01  4.64970000e-01  3.08830000e-02
  2.24400000e+01  4.55540000e-01  2.81187000e-02
  2.28728000e+01  4.45980000e-01  2.71946000e-02
  2.33140000e+01  4.37090000e-01  2.71444000e-02
  2.37636000e+01  4.28630000e-01  2.75601000e-02
  2.42219000e+01  4.20470000e-01  2.82922000e-02
  2.46891000e+01  4.12260000e-01  2.91430000e-02
  2.51653000e+01  4.03870000e-01  3.06375000e-02
  2.56506000e+01  3.95490000e-01  3.25634000e-02
  2.61453000e+01  3.87150000e-01  3.49045000e-02
  2.66496000e+01  3.78920000e-01  3.81904000e-02
  2.71636000e+01  3.70690000e-01  4.17856000e-02
  2.76875000e+01  3.62460000e-01  4.57193000e-02
  2.82215000e+01  3.54230000e-01  5.00233000e-02
  2.87658000e+01  3.45710000e-01  5.45925000e-02
  2.93206000e+01  3.36690000e-01  5.93055000e-02
  2.98861000e+01  3.27670000e-01  6.44254000e-02
  3.04625000e+01  3.18650000e-01  6.99874000e-02
  3.10500000e+01  3.09360000e-01  7.60720000e-02
  3.16489000e+01  2.97190000e-01  8.31895000e-02
  3.22593000e+01  2.85010000e-01  9.09729000e-02
  3.28815000e+01  2.72840000e-01  9.94845000e-02
  3.35156000e+01  2.59670000e-01  1.10281000e-01
  3.41620000e+01  2.44110000e-01  1.26372000e-01
  3.48209000e+01  2.30630000e-01  1.46101000e-01
  3.54925000e+01  2.19130000e-01  1.70330000e-01
  3.61770000e+01  2.10920000e-01  1.93479000e-01
  3.68748000e+01  2.03620000e-01  2.18195000e-01
  3.75860000e+01  1.99500000e-01  2.46202000e-01
  3.83109000e+01  1.96570000e-01  2.77198000e-01
  3.90498000e+01  1.98370000e-01  3.05475000e-01
  3.98029000e+01  2.00880000e-01  3.35765000e-01
  4.05706000e+01  2.05350000e-01  3.66454000e-01
  4.13531000e+01  2.10360000e-01  3.99723000e-01
  4.21506000e+01  2.16850000e-01  4.35353000e-01
  4.29636000e+01  2.26710000e-01  4.78639000e-01
  4.37922000e+01  2.50240000e-01  5.34706000e-01
  4.46368000e+01  2.84620000e-01  5.76844000e-01
  4.54977000e+01  3.27730000e-01  6.36036000e-01
  4.63752000e+01  4.18170000e-01  6.93961000e-01
  4.72696000e+01  5.41020000e-01  6.83082000e-01
  4.81813000e+01  6.07290000e-01  6.10520000e-01
  4.91106000e+01  6.21670000e-01  5.59414000e-01
  5.00578000e+01  6.30250000e-01  5.42979000e-01
  5.10232000e+01  6.51530000e-01  5.32038000e-01
  5.20073000e+01  6.77540000e-01  5.18019000e-01
  5.30103000e+01  7.05960000e-01  5.00399000e-01
  5.40327000e+01  7.40850000e-01  4.75541000e-01
  5.50748000e+01  7.67100000e-01  4.15687000e-01
  5.61371000e+01  7.55930000e-01  3.52760000e-01
  5.72198000e+01  7.04900000e-01  2.94813000e-01
  5.83233000e+01  6.28910000e-01  3.14147000e-01
  5.94482000e+01  5.93540000e-01  3.59975000e-01
  6.05948000e+01  5.93510000e-01  4.25363000e-01
  6.17635000e+01  6.35620000e-01  4.71533000e-01
  6.29547000e+01  6.80690000e-01  4.81839000e-01
  6.41689000e+01  7.20010000e-01  4.89395000e-01
  6.54065000e+01  7.62630000e-01  4.87792000e-01
  6.66679000e+01  8.06770000e-01  4.73609000e-01
  6.79538000e+01  8.39040000e-01  4.42562000e-01
  6.92644000e+01  8.59830000e-01  4.13666000e-01
  7.06002000e+01  8.74600000e-01  3.86629000e-01
  7.19619000e+01  8.84030000e-01  3.61237000e-01
  7.33498000e+01  8.92530000e-01  3.37506000e-01
  7.47645000e+01  8.98240000e-01  3.15312000e-01
  7.62064000e+01  9.03990000e-01  2.94643000e-01
  7.76762000e+01  9.03930000e-01  2.69773000e-01
  7.91743000e+01  9.03520000e-01  2.46695000e-01
  8.07014000e+01  8.99490000e-01  2.25582000e-01
  8.22578000e+01  8.91190000e-01  2.06266000e-01
  8.38443000e+01  8.82040000e-01  1.92983000e-01
  8.54614000e+01  8.72930000e-01  1.84025000e-01
  8.71097000e+01  8.65960000e-01  1.75857000e-01
  8.87897000e+01  8.60270000e-01  1.69336000e-01
  9.05022000e+01  8.54590000e-01  1.63056000e-01
  9.22477000e+01  8.49870000e-01  1.57503000e-01
  9.40268000e+01  8.45360000e-01  1.52239000e-01
  9.58403000e+01  8.41050000e-01  1.47540000e-01
  9.76888000e+01  8.37090000e-01  1.43637000e-01
  9.95729000e+01  8.33140000e-01  1.39837000e-01
  1.01493000e+02  8.31180000e-01  1.37349000e-01
  1.03451000e+02  8.29810000e-01  1.35250000e-01
  1.05446000e+02  8.28440000e-01  1.33183000e-01
  1.07480000e+02  8.27060000e-01  1.31148000e-01
  1.09553000e+02  8.25690000e-01  1.29143000e-01
  1.11666000e+02  8.24320000e-01  1.27170000e-01
  1.13819000e+02  8.22940000e-01  1.25226000e-01
  1.16014000e+02  8.21570000e-01  1.23313000e-01
  1.18252000e+02  8.20200000e-01  1.21428000e-01
  1.20533000e+02  8.19210000e-01  1.19475000e-01
  1.22857000e+02  8.19510000e-01  1.17235000e-01
  1.25227000e+02  8.19820000e-01  1.15037000e-01
  1.27642000e+02  8.20120000e-01  1.12880000e-01
  1.30104000e+02  8.20420000e-01  1.10764000e-01
  1.32613000e+02  8.20730000e-01  1.08688000e-01
  1.35171000e+02  8.21030000e-01  1.06650000e-01
  1.37778000e+02  8.21330000e-01  1.04651000e-01
  1.40435000e+02  8.21630000e-01  1.02689000e-01
  1.43144000e+02  8.21940000e-01  1.00764000e-01
  1.45904000e+02  8.22240000e-01  9.88748000e-02
  1.48718000e+02  8.22540000e-01  9.70212000e-02
  1.51587000e+02  8.23360000e-01  9.48183000e-02
  1.54510000e+02  8.24590000e-01  9.23607000e-02
  1.57490000e+02  8.25830000e-01  8.99667000e-02
  1.60528000e+02  8.27060000e-01  8.76348000e-02
  1.63624000e+02  8.28290000e-01  8.53633000e-02
  1.66780000e+02  8.29520000e-01  8.31507000e-02
  1.69996000e+02  8.30450000e-01  7.87609000e-02
  1.73275000e+02  8.31360000e-01  7.44481000e-02
  1.76617000e+02  8.32260000e-01  7.03714000e-02
  1.80023000e+02  8.32350000e-01  6.62282000e-02
  1.83495000e+02  8.31990000e-01  6.21828000e-02
  1.87034000e+02  8.31630000e-01  5.83846000e-02
  1.90642000e+02  8.30660000e-01  5.44316000e-02
  1.94319000e+02  8.29320000e-01  5.05257000e-02
  1.98066000e+02  8.27990000e-01  4.69001000e-02
  2.01886000e+02  8.26400000e-01  4.38878000e-02
  2.05780000e+02  8.24650000e-01  4.12706000e-02
  2.09749000e+02  8.22910000e-01  3.88095000e-02
  2.13794000e+02  8.21210000e-01  3.64824000e-02
  2.17918000e+02  8.19550000e-01  3.42874000e-02
  2.22121000e+02  8.17880000e-01  3.22244000e-02
  2.26405000e+02  8.16180000e-01  3.03152000e-02
  2.30771000e+02  8.14470000e-01  2.85390000e-02
  2.35222000e+02  8.12750000e-01  2.68668000e-02
  2.39759000e+02  8.11070000e-01  2.53592000e-02
  2.44383000e+02  8.09420000e-01  2.39810000e-02
  2.49096000e+02  8.07770000e-01  2.26777000e-02
  2.53901000e+02  8.06200000e-01  2.15435000e-02
  2.58797000e+02  8.04690000e-01  2.05397000e-02
  2.63789000e+02  8.03190000e-01  1.95827000e-02
  2.68876000e+02  8.01750000e-01  1.87598000e-02
  2.74062000e+02  8.00360000e-01  1.80437000e-02
  2.79348000e+02  7.98970000e-01  1.73550000e-02
  2.84736000e+02  7.97710000e-01  1.68470000e-02
  2.90227000e+02  7.96540000e-01  1.64814000e-02
  2.95825000e+02  7.95370000e-01  1.61238000e-02
  3.01530000e+02  7.94350000e-01  1.58368000e-02
  3.07346000e+02  7.93460000e-01  1.56101000e-02
  3.13274000e+02  7.92570000e-01  1.53867000e-02
  3.19316000e+02  7.91820000e-01  1.51809000e-02
  3.25474000e+02  7.91210000e-01  1.49914000e-02
  3.31752000e+02  7.90590000e-01  1.48042000e-02
  3.38150000e+02  7.89980000e-01  1.46194000e-02
  3.44672000e+02  7.89360000e-01  1.44368000e-02
  3.51319000e+02  7.88750000e-01  1.42566000e-02
  3.58095000e+02  7.88240000e-01  1.40813000e-02
  3.65002000e+02  7.87830000e-01  1.39110000e-02
  3.72041000e+02  7.87430000e-01  1.37428000e-02
  3.79217000e+02  7.87030000e-01  1.35767000e-02
  3.86531000e+02  7.86630000e-01  1.34125000e-02
  3.93986000e+02  7.86230000e-01  1.32503000e-02
  4.01584000e+02  7.85880000e-01  1.30878000e-02
  4.09330000e+02  7.85610000e-01  1.29246000e-02
  4.17224000e+02  7.85330000e-01  1.27635000e-02
  4.25271000e+02  7.85050000e-01  1.26043000e-02
  4.33473000e+02  7.84780000e-01  1.24471000e-02
  4.41834000e+02  7.84500000e-01  1.22919000e-02
  4.50355000e+02  7.84260000e-01  1.21408000e-02
  4.59041000e+02  7.84070000e-01  1.19945000e-02
  4.67894000e+02  7.83890000e-01  1.18500000e-02
  4.76919000e+02  7.83700000e-01  1.17072000e-02
  4.86117000e+02  7.83520000e-01  1.15661000e-02
  4.95492000e+02  7.83330000e-01  1.14267000e-02
  5.05049000e+02  7.83170000e-01  1.12875000e-02
  5.14790000e+02  7.83050000e-01  1.11477000e-02
  5.24718000e+02  7.82930000e-01  1.10097000e-02
  5.34838000e+02  7.82800000e-01  1.08734000e-02
  5.45154000e+02  7.82680000e-01  1.07387000e-02
  5.55668000e+02  7.82560000e-01  1.06058000e-02
  5.66385000e+02  7.82450000e-01  1.04761000e-02
  5.77309000e+02  7.82370000e-01  1.03506000e-02
  5.88443000e+02  7.82290000e-01  1.02267000e-02
  5.99792000e+02  7.82220000e-01  1.01042000e-02
  6.11360000e+02  7.82140000e-01  9.98323000e-03
  6.23151000e+02  7.82060000e-01  9.86369000e-03
  6.35170000e+02  7.82000000e-01  9.74458000e-03
  6.47420000e+02  7.81970000e-01  9.62504000e-03
  6.59907000e+02  7.81940000e-01  9.50697000e-03
  6.72634000e+02  7.81910000e-01  9.39034000e-03
  6.85607000e+02  7.81880000e-01  9.27515000e-03
  6.98830000e+02  7.81850000e-01  9.16137000e-03
  7.12309000e+02  7.81820000e-01  9.04898000e-03
  7.26047000e+02  7.81790000e-01  8.93797000e-03
  7.40050000e+02  7.81760000e-01  8.82833000e-03
  7.54323000e+02  7.81730000e-01  8.72003000e-03
  7.68871000e+02  7.81700000e-01  8.61306000e-03
  7.83700000e+02  7.81670000e-01  8.50740000e-03
  7.98815000e+02  7.81640000e-01  8.40323000e-03
  8.14222000e+02  7.81630000e-01  8.30079000e-03
  8.29926000e+02  7.81620000e-01  8.19960000e-03
  8.45932000e+02  7.81600000e-01  8.09964000e-03
  8.62248000e+02  7.81590000e-01  8.00091000e-03
  8.78878000e+02  7.81580000e-01  7.90337000e-03
  8.95828000e+02  7.81560000e-01  7.80703000e-03
  9.13106000e+02  7.81550000e-01  7.71186000e-03
  9.30717000e+02  7.81540000e-01  7.61785000e-03
  9.48667000e+02  7.81530000e-01  7.52498000e-03
  9.66964000e+02  7.81510000e-01  7.43325000e-03
  9.85613000e+02  7.81500000e-01  7.34264000e-03
  1.00462000e+03  7.81500000e-01  7.25304000e-03
  1.02400000e+03  7.81520000e-01  7.16427000e-03
  1.04375000e+03  7.81540000e-01  7.07658000e-03
  1.06388000e+03  7.81560000e-01  6.98997000e-03
  1.08440000e+03  7.81580000e-01  6.90442000e-03
  1.10531000e+03  7.81600000e-01  6.81991000e-03
  1.12663000e+03  7.81620000e-01  6.73644000e-03
  1.14836000e+03  7.81640000e-01  6.65399000e-03
  1.17051000e+03  7.81660000e-01  6.57254000e-03
  1.19308000e+03  7.81680000e-01  6.49210000e-03
  1.21609000e+03  7.81700000e-01  6.41264000e-03
  1.23955000e+03  7.81720000e-01  6.33415000e-03
  1.26345000e+03  7.81740000e-01  6.25665000e-03
  1.28782000e+03  7.81760000e-01  6.18022000e-03
  1.31266000e+03  7.81790000e-01  6.10472000e-03
  1.33798000e+03  7.81810000e-01  6.03015000e-03
  1.36378000e+03  7.81830000e-01  5.95648000e-03
  1.39009000e+03  7.81860000e-01  5.88371000e-03
  1.41690000e+03  7.81880000e-01  5.81184000e-03
  1.44422000e+03  7.81900000e-01  5.74084000e-03
  1.47208000e+03  7.81930000e-01  5.67071000e-03
  1.50047000e+03  7.81950000e-01  5.60143000e-03
  1.52941000e+03  7.81970000e-01  5.53300000e-03
  1.55891000e+03  7.81990000e-01  5.46541000e-03
  1.58897000e+03  7.82020000e-01  5.39865000e-03
  1.61962000e+03  7.82040000e-01  5.33269000e-03
  1.65085000e+03  7.82060000e-01  5.26755000e-03
  1.68269000e+03  7.82090000e-01  5.20320000e-03
  1.71515000e+03  7.82110000e-01  5.13964000e-03
  1.74823000e+03  7.82130000e-01  5.07685000e-03
  1.78195000e+03  7.82160000e-01  5.01483000e-03
  1.81631000e+03  7.82180000e-01  4.95357000e-03
  1.85134000e+03  7.82200000e-01  4.89305000e-03
  1.88705000e+03  7.82230000e-01  4.83328000e-03
  1.92345000e+03  7.82250000e-01  4.77424000e-03
  1.96054000e+03  7.82270000e-01  4.71591000e-03
  1.99835000e+03  7.82290000e-01  4.65830000e-03
  2.03690000e+03  7.82320000e-01  4.60139000e-03
  2.07618000e+03  7.82340000e-01  4.54518000e-03
  2.11622000e+03  7.82360000e-01  4.48966000e-03
  2.15704000e+03  7.82390000e-01  4.43481000e-03
  2.19864000e+03  7.82410000e-01  4.38064000e-03
  2.24105000e+03  7.82430000e-01  4.32712000e-03
  2.28427000e+03  7.82460000e-01  4.27426000e-03
  2.32833000e+03  7.82480000e-01  4.22204000e-03
  2.37323000e+03  7.82500000e-01  4.17047000e-03
  2.41900000e+03  7.82530000e-01  4.11952000e-03
  2.46566000e+03  7.82550000e-01  4.06919000e-03
  2.51321000e+03  7.82570000e-01  4.01947000e-03
  2.56168000e+03  7.82600000e-01  3.97031000e-03
  2.61109000e+03  7.82630000e-01  3.92175000e-03
  2.66145000e+03  7.82660000e-01  3.87379000e-03
  2.71278000e+03  7.82690000e-01  3.82641000e-03
  2.76510000e+03  7.82720000e-01  3.77961000e-03
  2.81843000e+03  7.82750000e-01  3.73339000e-03
  2.87279000e+03  7.82780000e-01  3.68773000e-03
  2.92820000e+03  7.82810000e-01  3.64263000e-03
  2.98467000e+03  7.82840000e-01  3.59808000e-03
  3.04224000e+03  7.82870000e-01  3.55407000e-03
  3.10091000e+03  7.82900000e-01  3.51060000e-03
  3.16072000e+03  7.82930000e-01  3.46767000e-03
  3.22168000e+03  7.82960000e-01  3.42526000e-03
  3.28381000e+03  7.82990000e-01  3.38337000e-03
  3.34715000e+03  7.83020000e-01  3.34199000e-03
  3.41170000e+03  7.83050000e-01  3.30111000e-03
  3.47750000e+03  7.83080000e-01  3.26074000e-03
  3.54457000e+03  7.83110000e-01  3.22086000e-03
  3.61294000e+03  7.83140000e-01  3.18147000e-03
  3.68262000e+03  7.83170000e-01  3.14256000e-03
  3.75364000e+03  7.83200000e-01  3.10413000e-03
  3.82604000e+03  7.83230000e-01  3.06616000e-03
  3.89983000e+03  7.83260000e-01  3.02866000e-03
  3.97505000e+03  7.83290000e-01  2.99162000e-03
  4.05171000e+03  7.83320000e-01  2.95503000e-03
  4.12986000e+03  7.83350000e-01  2.91889000e-03
  4.20951000e+03  7.83380000e-01  2.88319000e-03
  4.29070000e+03  7.83410000e-01  2.84793000e-03
  4.37345000e+03  7.83440000e-01  2.81310000e-03
  4.45780000e+03  7.83470000e-01  2.77870000e-03
  4.54378000e+03  7.83500000e-01  2.74471000e-03
  4.63141000e+03  7.83530000e-01  2.71114000e-03
  4.72074000e+03  7.83560000e-01  2.67799000e-03
  4.81178000e+03  7.83590000e-01  2.64523000e-03
  4.90459000e+03  7.83620000e-01  2.61288000e-03
  4.99918000e+03  7.83650000e-01  2.58093000e-03
  5.09560000e+03  7.83670000e-01  2.54940000e-03
  5.19388000e+03  7.83690000e-01  2.51827000e-03
  5.29405000e+03  7.83710000e-01  2.48752000e-03
  5.39615000e+03  7.83730000e-01  2.45714000e-03
  5.50023000e+03  7.83760000e-01  2.42713000e-03
  5.60631000e+03  7.83780000e-01  2.39749000e-03
  5.71444000e+03  7.83800000e-01  2.36821000e-03
  5.82465000e+03  7.83820000e-01  2.33929000e-03
  5.93699000e+03  7.83840000e-01  2.31072000e-03
  6.05149000e+03  7.83870000e-01  2.28250000e-03
  6.16821000e+03  7.83890000e-01  2.25462000e-03
  6.28717000e+03  7.83910000e-01  2.22709000e-03
  6.40843000e+03  7.83930000e-01  2.19989000e-03
  6.53203000e+03  7.83950000e-01  2.17302000e-03
  6.65801000e+03  7.83970000e-01  2.14649000e-03
  6.78642000e+03  7.84000000e-01  2.12027000e-03
  6.91731000e+03  7.84020000e-01  2.09438000e-03
  7.05072000e+03  7.84040000e-01  2.06880000e-03
  7.18671000e+03  7.84060000e-01  2.04353000e-03
  7.32532000e+03  7.84080000e-01  2.01858000e-03
  7.46660000e+03  7.84100000e-01  1.99393000e-03
  7.61061000e+03  7.84130000e-01  1.96958000e-03
  7.75739000e+03  7.84150000e-01  1.94552000e-03
  7.90700000e+03  7.84170000e-01  1.92176000e-03
  8.05950000e+03  7.84190000e-01  1.89829000e-03
  8.21495000e+03  7.84210000e-01  1.87511000e-03
  8.37339000e+03  7.84240000e-01  1.85221000e-03
  8.53488000e+03  7.84260000e-01  1.82959000e-03
  8.69949000e+03  7.84280000e-01  1.80725000e-03
  8.86728000e+03  7.84300000e-01  1.78517000e-03
  9.03830000e+03  7.84320000e-01  1.76337000e-03
  9.21262000e+03  7.84340000e-01  1.74184000e-03
  9.39030000e+03  7.84370000e-01  1.72057000e-03
  9.57141000e+03  7.84390000e-01  1.69955000e-03
  9.75601000e+03  7.84410000e-01  1.67880000e-03
  9.94417000e+03  7.84430000e-01  1.65829000e-03
  1.01360000e+04  7.84450000e-01  1.63802000e-03
  1.03315000e+04  7.84460000e-01  1.61799000e-03
  1.05307000e+04  7.84470000e-01  1.59820000e-03
  1.07338000e+04  7.84490000e-01  1.57865000e-03
  1.09408000e+04  7.84500000e-01  1.55934000e-03
  1.11518000e+04  7.84510000e-01  1.54027000e-03
  1.13669000e+04  7.84520000e-01  1.52143000e-03
  1.15862000e+04  7.84540000e-01  1.50283000e-03
  1.18096000e+04  7.84550000e-01  1.48444000e-03
  1.20374000e+04  7.84560000e-01  1.46629000e-03
  1.22696000e+04  7.84580000e-01  1.44836000e-03
  1.25062000e+04  7.84590000e-01  1.43064000e-03
  1.27474000e+04  7.84600000e-01  1.41314000e-03
  1.29933000e+04  7.84610000e-01  1.39586000e-03
  1.32438000e+04  7.84630000e-01  1.37879000e-03
  1.34993000e+04  7.84640000e-01  1.36192000e-03
  1.37596000e+04  7.84650000e-01  1.34527000e-03
  1.40250000e+04  7.84670000e-01  1.32881000e-03
  1.42955000e+04  7.84680000e-01  1.31256000e-03
  1.45712000e+04  7.84690000e-01  1.29651000e-03
  1.48523000e+04  7.84700000e-01  1.28065000e-03
  1.51387000e+04  7.84720000e-01  1.26499000e-03
  1.54307000e+04  7.84730000e-01  1.24952000e-03
  1.57283000e+04  7.84740000e-01  1.23423000e-03
  1.60316000e+04  7.84750000e-01  1.21914000e-03
  1.63408000e+04  7.84770000e-01  1.20423000e-03
  1.66560000e+04  7.84780000e-01  1.18950000e-03
  1.69772000e+04  7.84790000e-01  1.17495000e-03
  1.73047000e+04  7.84810000e-01  1.16058000e-03
  1.76384000e+04  7.84820000e-01  1.14639000e-03
  1.79786000e+04  7.84830000e-01  1.13237000e-03
  1.83254000e+04  7.84840000e-01  1.11852000e-03
  1.86788000e+04  7.84860000e-01  1.10484000e-03
  1.90391000e+04  7.84870000e-01  1.09132000e-03
  1.94063000e+04  7.84880000e-01  1.07798000e-03
  1.97805000e+04  7.84900000e-01  1.06479000e-03
  2.01620000e+04  7.84910000e-01  1.05179000e-03
  2.05509000e+04  7.84910000e-01  1.03897000e-03
  2.09473000e+04  7.84920000e-01  1.02630000e-03
  2.13513000e+04  7.84920000e-01  1.01380000e-03
  2.17631000e+04  7.84930000e-01  1.00144000e-03
  2.21828000e+04  7.84940000e-01  9.89233000e-04
  2.26106000e+04  7.84940000e-01  9.77177000e-04
  2.30467000e+04  7.84950000e-01  9.65266000e-04
  2.34912000e+04  7.84950000e-01  9.53502000e-04
  2.39443000e+04  7.84960000e-01  9.41880000e-04
  2.44061000e+04  7.84960000e-01  9.30400000e-04
  2.48768000e+04  7.84970000e-01  9.19060000e-04
  2.53566000e+04  7.84980000e-01  9.07859000e-04
  2.58457000e+04  7.84980000e-01  8.96794000e-04
  2.63441000e+04  7.84990000e-01  8.85863000e-04
  2.68522000e+04  7.84990000e-01  8.75066000e-04
  2.73701000e+04  7.85000000e-01  8.64401000e-04
  2.78980000e+04  7.85010000e-01  8.53865000e-04
  2.84361000e+04  7.85010000e-01  8.43458000e-04
  2.89845000e+04  7.85020000e-01  8.33178000e-04
  2.95435000e+04  7.85020000e-01  8.23023000e-04
  3.01133000e+04  7.85030000e-01  8.12992000e-04
  3.06941000e+04  7.85040000e-01  8.03083000e-04
  3.12861000e+04  7.85040000e-01  7.93295000e-04
  3.18895000e+04  7.85050000e-01  7.83626000e-04
  3.25045000e+04  7.85060000e-01  7.72708000e-04
  3.31314000e+04  7.85070000e-01  7.61644000e-04
  3.37704000e+04  7.85080000e-01  7.50739000e-04
  3.44218000e+04  7.85090000e-01  7.39990000e-04
  3.50856000e+04  7.85100000e-01  7.29303000e-04
  3.57623000e+04  7.85100000e-01  7.18155000e-04
  3.64521000e+04  7.85110000e-01  7.07178000e-04
  3.71551000e+04  7.85110000e-01  6.96368000e-04
  3.78717000e+04  7.85120000e-01  6.85723000e-04
  3.86021000e+04  7.85130000e-01  6.75241000e-04
  3.93467000e+04  7.85130000e-01  6.64920000e-04
  4.01055000e+04  7.85140000e-01  6.54656000e-04
  4.08790000e+04  7.85140000e-01  6.43932000e-04
  4.16674000e+04  7.85140000e-01  6.33384000e-04
  4.24711000e+04  7.85140000e-01  6.23009000e-04
  4.32902000e+04  7.85140000e-01  6.12804000e-04
  4.41251000e+04  7.85140000e-01  6.02766000e-04
  4.49762000e+04  7.85140000e-01  5.92892000e-04
  4.58436000e+04  7.85140000e-01  5.83699000e-04
  4.67278000e+04  7.85140000e-01  5.74664000e-04
  4.76290000e+04  7.85140000e-01  5.65768000e-04
  4.85476000e+04  7.85140000e-01  5.57010000e-04
  4.94839000e+04  7.85140000e-01  5.48387000e-04
  5.04383000e+04  7.85140000e-01  5.39287000e-04
  5.14111000e+04  7.85130000e-01  5.29625000e-04
  5.24027000e+04  7.85130000e-01  5.20136000e-04
  5.34133000e+04  7.85120000e-01  5.10817000e-04
  5.44435000e+04  7.85110000e-01  5.01665000e-04
  5.54936000e+04  7.85110000e-01  4.92677000e-04
  5.65638000e+04  7.85100000e-01  4.83850000e-04
  5.76548000e+04  7.85100000e-01  4.75182000e-04
  5.87668000e+04  7.85090000e-01  4.66668000e-04
  5.99002000e+04  7.85090000e-01  4.58307000e-04
  6.10555000e+04  7.85080000e-01  4.50587000e-04
  6.22330000e+04  7.85070000e-01  4.43042000e-04
  6.34333000e+04  7.85070000e-01  4.35625000e-04
  6.46567000e+04  7.85060000e-01  4.28331000e-04
  6.59037000e+04  7.85050000e-01  4.21159000e-04
  6.71748000e+04  7.85050000e-01  4.14108000e-04
  6.84704000e+04  7.85040000e-01  4.07174000e-04
  6.97910000e+04  7.85030000e-01  4.00357000e-04
  7.11370000e+04  7.85030000e-01  3.92654000e-04
  7.25090000e+04  7.85020000e-01  3.84919000e-04
  7.39075000e+04  7.85020000e-01  3.77335000e-04
  7.53329000e+04  7.85020000e-01  3.69901000e-04
  7.67858000e+04  7.85010000e-01  3.62614000e-04
  7.82668000e+04  7.85010000e-01  3.55469000e-04
  7.97763000e+04  7.85000000e-01  3.48466000e-04
  8.13149000e+04  7.85000000e-01  3.41601000e-04
  8.28832000e+04  7.84990000e-01  3.34871000e-04
  8.44817000e+04  7.84990000e-01  3.28274000e-04
  8.61111000e+04  7.84990000e-01  3.21806000e-04
  8.77719000e+04  7.84980000e-01  3.15466000e-04
  8.94648000e+04  7.84980000e-01  3.09251000e-04
  9.11902000e+04  7.84980000e-01  3.03145000e-04
  9.29490000e+04  7.84980000e-01  2.97153000e-04
  9.47417000e+04  7.84980000e-01  2.91280000e-04
  9.65690000e+04  7.84980000e-01  2.85523000e-04
  9.84315000e+04  7.84980000e-01  2.79880000e-04
  1.00330000e+05  7.84980000e-01  2.74349000e-04
  1.02265000e+05  7.84980000e-01  2.68926000e-04
  1.04237000e+05  7.84980000e-01  2.63611000e-04
  1.06248000e+05  7.84980000e-01  2.58401000e-04
  1.08297000e+05  7.84980000e-01  2.53294000e-04
  1.10386000e+05  7.84980000e-01  2.48288000e-04
  1.12515000e+05  7.84980000e-01  2.43712000e-04
  1.14685000e+05  7.84980000e-01  2.39355000e-04
  1.16896000e+05  7.84980000e-01  2.35076000e-04
  1.19151000e+05  7.84980000e-01  2.30873000e-04
  1.21449000e+05  7.84980000e-01  2.26904000e-04
  1.23791000e+05  7.84980000e-01  2.23095000e-04
  1.26179000e+05  7.84980000e-01  2.19349000e-04
  1.28613000e+05  7.84980000e-01  2.15667000e-04
  1.31093000e+05  7.84980000e-01  2.12473000e-04
  1.33621000e+05  7.84980000e-01  2.09868000e-04
  1.36199000e+05  7.84980000e-01  2.07294000e-04
  1.38825000e+05  7.84980000e-01  2.04751000e-04
  1.41503000e+05  7.84980000e-01  2.02260000e-04
  1.44232000e+05  7.84980000e-01  1.99815000e-04
  1.47014000e+05  7.84980000e-01  1.97400000e-04
  1.49849000e+05  7.84980000e-01  1.95014000e-04
  1.52739000e+05  7.84980000e-01  1.92416000e-04
  1.55685000e+05  7.84980000e-01  1.89839000e-04
  1.58688000e+05  7.84980000e-01  1.87297000e-04
  1.61748000e+05  7.84980000e-01  1.85248000e-04
  1.64868000e+05  7.84980000e-01  1.83565000e-04
  1.68048000e+05  7.84980000e-01  1.81898000e-04
  1.71289000e+05  7.84980000e-01  1.80310000e-04
  1.74592000e+05  7.84980000e-01  1.78833000e-04
  1.77960000e+05  7.84980000e-01  1.77368000e-04
  1.81392000e+05  7.84980000e-01  1.75916000e-04
  1.84890000e+05  7.84980000e-01  1.74475000e-04
  1.88456000e+05  7.84980000e-01  1.73046000e-04
  1.92091000e+05  7.84980000e-01  1.71629000e-04
  1.95796000e+05  7.84980000e-01  1.70223000e-04
  1.99572000e+05  7.84980000e-01  1.68829000e-04
  2.03421000e+05  7.84980000e-01  1.67805000e-04
  2.07345000e+05  7.84980000e-01  1.66832000e-04
  2.11344000e+05  7.84980000e-01  1.65864000e-04
  2.15420000e+05  7.84980000e-01  1.64903000e-04
  2.19574000e+05  7.84980000e-01  1.63946000e-04
  2.23809000e+05  7.84980000e-01  1.62996000e-04
  2.28126000e+05  7.84980000e-01  1.62051000e-04
  2.32526000e+05  7.84980000e-01  1.61111000e-04
  2.37010000e+05  7.84980000e-01  1.60177000e-04
  2.41582000e+05  7.84980000e-01  1.59248000e-04
  2.46241000e+05  7.84980000e-01  1.58325000e-04
  2.50990000e+05  7.84980000e-01  1.57509000e-04
  2.55831000e+05  7.84980000e-01  1.57087000e-04
  2.60765000e+05  7.84980000e-01  1.56666000e-04
  2.65794000e+05  7.84980000e-01  1.56246000e-04
  2.70921000e+05  7.84980000e-01  1.55827000e-04
  2.76146000e+05  7.84980000e-01  1.55409000e-04
  2.81472000e+05  7.84980000e-01  1.54993000e-04
  2.86900000e+05  7.84980000e-01  1.54578000e-04
  2.92434000e+05  7.84980000e-01  1.54426000e-04
  2.98074000e+05  7.84980000e-01  1.54614000e-04
  3.03823000e+05  7.84980000e-01  1.54802000e-04
  3.09683000e+05  7.84980000e-01  1.54990000e-04
  3.15655000e+05  7.84980000e-01  1.55179000e-04
  3.21743000e+05  7.84980000e-01  1.55454000e-04
  3.27949000e+05  7.84980000e-01  1.55949000e-04
  3.34274000e+05  7.84980000e-01  1.56446000e-04
  3.40721000e+05  7.84980000e-01  1.56944000e-04
  3.47292000e+05  7.84980000e-01  1.57444000e-04
  3.53990000e+05  7.84980000e-01  1.58252000e-04
  3.60818000e+05  7.84980000e-01  1.59275000e-04
  3.67777000e+05  7.84980000e-01  1.60305000e-04
  3.74870000e+05  7.84980000e-01  1.61341000e-04
  3.82100000e+05  7.84980000e-01  1.62553000e-04
  3.89469000e+05  7.84980000e-01  1.64196000e-04
  3.96981000e+05  7.84980000e-01  1.65854000e-04
  4.04637000e+05  7.84980000e-01  1.67773000e-04
  4.12442000e+05  7.84980000e-01  1.69877000e-04
  4.20396000e+05  7.84980000e-01  1.72006000e-04
  4.28504000e+05  7.84980000e-01  1.74163000e-04
  4.36769000e+05  7.84980000e-01  1.76346000e-04
  4.45193000e+05  7.84980000e-01  1.78557000e-04
  4.53779000e+05  7.84980000e-01  1.81113000e-04
  4.62531000e+05  7.84980000e-01  1.84119000e-04
  4.71452000e+05  7.84980000e-01  1.87175000e-04
  4.80544000e+05  7.84980000e-01  1.90282000e-04
  4.89812000e+05  7.84980000e-01  1.93441000e-04
  4.99259000e+05  7.84980000e-01  1.96651000e-04
  5.08888000e+05  7.84980000e-01  2.00430000e-04
  5.18703000e+05  7.84980000e-01  2.04325000e-04
  5.28707000e+05  7.84980000e-01  2.08296000e-04
  5.38904000e+05  7.84980000e-01  2.12343000e-04
  5.49298000e+05  7.84980000e-01  2.16470000e-04
  5.59892000e+05  7.84980000e-01  2.20677000e-04
  5.70691000e+05  7.84980000e-01  2.24965000e-04
  5.81698000e+05  7.84980000e-01  2.29337000e-04
  5.92917000e+05  7.84980000e-01  2.33794000e-04
  6.04352000e+05  7.84980000e-01  2.38493000e-04
  6.16008000e+05  7.84980000e-01  2.43549000e-04
  6.27889000e+05  7.84980000e-01  2.48712000e-04
  6.39999000e+05  7.84980000e-01  2.53984000e-04
  6.52342000e+05  7.84980000e-01  2.59321000e-04
  6.64924000e+05  7.84980000e-01  2.64771000e-04
  6.77748000e+05  7.84980000e-01  2.70336000e-04
  6.90820000e+05  7.84980000e-01  2.77657000e-04
  7.04143000e+05  7.84980000e-01  2.85531000e-04
  7.17724000e+05  7.84980000e-01  2.93629000e-04
  7.31567000e+05  7.84980000e-01  2.99252000e-04
  7.45676000e+05  7.84980000e-01  3.04438000e-04
  7.60058000e+05  7.84980000e-01  3.09721000e-04
  7.74717000e+05  7.84980000e-01  3.16893000e-04
  7.89659000e+05  7.84980000e-01  3.24230000e-04
  8.04889000e+05  7.84980000e-01  3.31527000e-04
  8.20412000e+05  7.84980000e-01  3.38529000e-04
  8.36235000e+05  7.84980000e-01  3.45678000e-04
  8.52364000e+05  7.84980000e-01  3.53378000e-04
  8.68803000e+05  7.84980000e-01  3.61375000e-04
  8.85559000e+05  7.84980000e-01  3.69554000e-04
  9.02639000e+05  7.84980000e-01  3.77982000e-04
  9.20048000e+05  7.84980000e-01  3.86972000e-04
  9.37793000e+05  7.84980000e-01  3.96176000e-04
  9.55880000e+05  7.84980000e-01  4.05598000e-04
  9.74315000e+05  7.84980000e-01  4.15245000e-04
  9.93107000e+05  7.84980000e-01  4.25121000e-04
  1.01226000e+06  7.84980000e-01  4.33992000e-04
  1.03178000e+06  7.84980000e-01  4.42330000e-04
  1.05168000e+06  7.84980000e-01  4.50829000e-04
  1.07197000e+06  7.84980000e-01  4.59491000e-04
  1.09264000e+06  7.84980000e-01  4.68319000e-04
  1.11372000e+06  7.84980000e-01  4.77317000e-04
  1.13520000e+06  7.84980000e-01  4.86488000e-04
  1.15709000e+06  7.84980000e-01  4.95835000e-04
  1.17941000e+06  7.84980000e-01  5.05362000e-04
  1.20215000e+06  7.84980000e-01  5.15072000e-04
  1.22534000e+06  7.84980000e-01  5.24968000e-04
  1.24897000e+06  7.84980000e-01  5.35055000e-04
  1.27306000e+06  7.84980000e-01  5.45335000e-04
  1.29761000e+06  7.84980000e-01  5.55813000e-04
  1.32264000e+06  7.84980000e-01  5.66492000e-04
  1.34815000e+06  7.84980000e-01  5.77377000e-04
  1.37415000e+06  7.84980000e-01  5.88470000e-04
  1.40065000e+06  7.84980000e-01  5.99777000e-04
  1.42767000e+06  7.84980000e-01  6.11300000e-04
  1.45520000e+06  7.84980000e-01  6.23046000e-04
  1.48327000e+06  7.84980000e-01  6.35016000e-04
  1.51188000e+06  7.84980000e-01  6.47217000e-04
  1.54104000e+06  7.84980000e-01  6.59653000e-04
  1.57076000e+06  7.84980000e-01  6.72327000e-04
  1.60105000e+06  7.84980000e-01  6.85245000e-04
  1.63193000e+06  7.84980000e-01  6.98411000e-04
  1.66341000e+06  7.84980000e-01  7.11830000e-04
  1.69549000e+06  7.84980000e-01  7.25506000e-04
  1.72819000e+06  7.84980000e-01  7.39446000e-04
  1.76152000e+06  7.84980000e-01  7.53653000e-04
  1.79549000e+06  7.84980000e-01  7.68134000e-04
  1.83012000e+06  7.84980000e-01  7.82892000e-04
  1.86542000e+06  7.84980000e-01  7.97934000e-04
  1.90140000e+06  7.84980000e-01  8.13266000e-04
  1.93807000e+06  7.84980000e-01  8.28891000e-04
  1.97545000e+06  7.84980000e-01  8.44817000e-04
  2.01355000e+06  7.84980000e-01  8.59984000e-04
  2.05238000e+06  7.84980000e-01  8.73442000e-04
  2.09197000e+06  7.84980000e-01  8.87111000e-04
  2.13231000e+06  7.84990000e-01  9.00994000e-04
  2.17344000e+06  7.84990000e-01  9.15095000e-04
  2.21536000e+06  7.84990000e-01  9.29416000e-04
  2.25808000e+06  7.85000000e-01  9.43961000e-04
  2.30164000e+06  7.85000000e-01  9.58733000e-04
  2.34603000e+06  7.85010000e-01  9.73737000e-04
  2.39127000e+06  7.85010000e-01  9.88976000e-04
  2.43739000e+06  7.85010000e-01  1.00445000e-03
  2.48440000e+06  7.85020000e-01  1.02017000e-03
  2.53232000e+06  7.85020000e-01  1.03614000e-03
  2.58116000e+06  7.85020000e-01  1.05235000e-03
  2.63094000e+06  7.85030000e-01  1.06882000e-03
  2.68168000e+06  7.85030000e-01  1.08555000e-03
  2.73340000e+06  7.85030000e-01  1.10254000e-03
  2.78612000e+06  7.85040000e-01  1.11979000e-03
  2.83986000e+06  7.85040000e-01  1.13732000e-03
  2.89463000e+06  7.85040000e-01  1.15511000e-03
  2.95046000e+06  7.85050000e-01  1.17319000e-03
  3.00736000e+06  7.85050000e-01  1.19155000e-03
  3.06537000e+06  7.85050000e-01  1.21020000e-03
  3.12449000e+06  7.85060000e-01  1.22914000e-03
  3.18475000e+06  7.85060000e-01  1.24837000e-03
  3.24617000e+06  7.85060000e-01  1.26791000e-03
  3.30878000e+06  7.85070000e-01  1.28775000e-03
  3.37259000e+06  7.85070000e-01  1.30790000e-03
  3.43764000e+06  7.85070000e-01  1.32837000e-03
  3.50394000e+06  7.85080000e-01  1.34916000e-03
  3.57152000e+06  7.85080000e-01  1.37028000e-03
  3.64040000e+06  7.85080000e-01  1.39172000e-03
  3.71062000e+06  7.85090000e-01  1.41350000e-03
  3.78218000e+06  7.85090000e-01  1.43562000e-03
  3.85513000e+06  7.85090000e-01  1.45809000e-03
  3.92948000e+06  7.85100000e-01  1.48091000e-03
  4.00527000e+06  7.85100000e-01  1.50408000e-03
  4.08252000e+06  7.85100000e-01  1.52762000e-03
  4.16125000e+06  7.85110000e-01  1.55153000e-03
  4.24151000e+06  7.85110000e-01  1.57581000e-03
  4.32332000e+06  7.85110000e-01  1.60047000e-03
  4.40670000e+06  7.85120000e-01  1.62551000e-03
  4.49169000e+06  7.85120000e-01  1.65095000e-03
  4.57832000e+06  7.85120000e-01  1.67679000e-03
  4.66662000e+06  7.85130000e-01  1.70303000e-03
  4.75663000e+06  7.85130000e-01  1.72968000e-03
  4.84837000e+06  7.85130000e-01  1.75675000e-03
  4.94187000e+06  7.85140000e-01  1.78424000e-03
  5.03719000e+06  7.85150000e-01  1.81412000e-03
  5.13434000e+06  7.85170000e-01  1.84765000e-03
  5.23336000e+06  7.85190000e-01  1.88180000e-03
  5.33430000e+06  7.85210000e-01  1.91657000e-03
  5.43718000e+06  7.85230000e-01  1.95199000e-03
  5.54204000e+06  7.85250000e-01  1.98806000e-03
  5.64893000e+06  7.85270000e-01  2.02480000e-03
  5.75788000e+06  7.85290000e-01  2.06222000e-03
  5.86893000e+06  7.85310000e-01  2.10033000e-03
  5.98212000e+06  7.85340000e-01  2.13915000e-03
  6.09750000e+06  7.85360000e-01  2.17868000e-03
  6.21510000e+06  7.85380000e-01  2.21894000e-03
  6.33497000e+06  7.85400000e-01  2.25995000e-03
  6.45715000e+06  7.85420000e-01  2.30171000e-03
  6.58169000e+06  7.85440000e-01  2.34425000e-03
  6.70863000e+06  7.85460000e-01  2.38757000e-03
  6.83802000e+06  7.85480000e-01  2.43169000e-03
  6.96990000e+06  7.85500000e-01  2.47663000e-03
  7.10433000e+06  7.85520000e-01  2.52240000e-03
  7.24135000e+06  7.85540000e-01  2.56901000e-03
  7.38101000e+06  7.85560000e-01  2.61649000e-03
  7.52336000e+06  7.85590000e-01  2.66484000e-03
  7.66846000e+06  7.85610000e-01  2.71409000e-03
  7.81636000e+06  7.85630000e-01  2.76425000e-03
  7.96712000e+06  7.85650000e-01  2.81533000e-03
  8.12078000e+06  7.85670000e-01  2.86736000e-03
  8.27740000e+06  7.85690000e-01  2.92035000e-03
  8.43704000e+06  7.85710000e-01  2.97431000e-03
  8.59977000e+06  7.85730000e-01  3.02928000e-03
