4.940
4.857
4.675
4.726
4.732
4.699
4.662
4.625
4.596
4.576
4.543
4.477
4.390
4.305
4.244
4.209
4.185
4.123
4.004
3.903
3.942
3.891
3.807
3.748
3.711
3.640
3.593
3.555
3.444
3.395
3.302
3.211
3.151
3.057
2.990
2.898
2.838
2.754
2.676
2.595
2.500
2.431
2.366
2.311
2.260
2.213
2.176
2.130
2.108
2.057
2.009
1.963
1.900
1.829
1.812
1.753
1.712
1.677
1.649
1.593
1.535
1.534
1.555
1.519
1.453
1.339
1.278
1.178
1.144
1.148
1.142
1.123
1.122
1.106
1.100
1.081
1.075
1.075
1.077
1.084
1.093
1.097
1.109
1.117
1.132
1.152
1.166
1.181
1.195
1.216
1.241
1.249
1.248
1.242
1.232
1.213
1.181
1.139
1.093
1.046
0.994
0.935
0.862
0.778
0.679
0.596
0.506
0.424
0.386
0.413
0.423
0.420
0.400
0.379
0.346
0.312
0.279
0.247
0.218
0.191
0.160
0.119