5.671 
5.879 
6.097 
6.216 
6.260 
6.375 
6.573 
6.812 
7.045 
7.210 
7.184 
7.257 
7.483 
7.409 
7.328 
7.384 
7.304 
7.208 
7.066 
6.949 
6.707 
6.309 
6.105 
5.794 
5.450 
5.156 
4.916 
4.546 
4.155 
3.960 
3.646 
3.392 
3.148 
2.923 
2.738 
2.533 
2.333
2.203 
2.061 
1.922 
1.775 
1.634 
1.532 
1.425 
1.319 
1.247 
1.172 
1.111
1.035 
0.972 
0.921
0.854 
0.814 
0.769
0.729 
0.671 
0.621 
0.575 
0.559 
0.484 
0.457 
0.430 
0.399 
0.374 
0.356 
0.328 
0.309 
0.287 
0.270 
0.257 
0.244 
0.235 
0.224 
0.214 
0.208 
0.202 
0.198 
0.195 
0.195 
0.198 
0.200 
0.203 
0.212 
0.224 
0.240 
0.264 
0.295 
0.330 
0.365 
0.400 
0.433 
0.462 
0.485 
0.501 
0.504 
0.504 
0.494 
0.478 
0.463 
0.465 
0.478 
0.494 
0.495 
0.498 
0.484 
0.454 
0.415 
0.370 
0.329 
0.293 
0.256 
0.221 
0.189
0.157 
0.123 
0.086 
0.069