1.358e-3
1.481e-3
1.615e-3
1.762e-3
1.922e-3
2.097e-3
2.287e-3
2.495e-3
2.721e-3
2.969e-3
3.238e-3
3.532e-3
3.853e-3
4.203e-3
4.585e-3
5.002e-3
5.456e-3
5.952e-3
6.492e-3
7.082e-3
7.725e-3
8.427e-3
9.192e-3
1.003e-2
1.094e-2
1.193e-2
1.302e-2
1.420e-2
1.549e-2
1.689e-2
1.843e-2
2.010e-2
2.193e-2
2.392e-2
2.609e-2
2.846e-2
3.105e-2
3.387e-2
3.694e-2
4.030e-2
4.396e-2
4.795e-2
5.231e-2
5.706e-2
6.224e-2
6.790e-2
7.407e-2
8.079e-2
8.813e-2
9.614e-2
1.049e-1
1.144e-1
1.248e-1
1.361e-1
1.485e-1
1.620e-1
1.767e-1
1.927e-1
2.102e-1
2.293e-1
2.502e-1
2.729e-1
2.977e-1
3.247e-1
3.542e-1
3.864e-1
4.215e-1
4.598e-1
5.015e-1
5.471e-1
5.968e-1
6.510e-1
7.101e-1
7.746e-1
8.450e-1
9.217e-1
1.005e+0
1.097e+0
1.196e+0
1.305e-0
1.424e+0
1.553e+0
1.694e+0
1.848e+0
2.016e+0
2.199e+0
2.398e+0
2.616e+0
2.854e+0
3.113e+0
3.396e+0
3.705e+0
4.041e+0
4.408e+0
4.808e+0
5.245e+0
5.722e+0
6.241e+0
6.808e+0
7.427e+0
8.101e+0
8.837e+0
9.640e+0
1.052e+1
1.147e+1
1.251e+1
1.365e+1
1.489e+1
1.624e+1
1.772e+1
1.933e+1
2.108e+1
2.300e+1
2.508e+1
2.736e+1
2.985e+1
3.090e+1