Astronomical silicate, smoothed UV
B.T.Draine, Princeton Univ. Observatory, 00.08.10
References:
   Draine, B.T., \& Lee, H.-M. 1984, ApJ, 285, 80
   Laor, A., \& Draine, B.T. 1993, ApJ, 402, 441
   Weingartner, J.C., \& Draine, B.T. 2000, ApJ, submitted [astro-ph/0008146]
  0.1000 = grain radius (micron)
    1201 = number of wavelengths
  wave(um)    Re(eps-1)   Im(eps)     Re(m-1)    Im(m)
 1.0000E+03  1.0612E+01 3.3823E-01  2.4080E+00 4.9624E-02
 9.8855E+02  1.0612E+01 3.4216E-01  2.4080E+00 5.0199E-02
 9.7724E+02  1.0612E+01 3.4612E-01  2.4080E+00 5.0781E-02
 9.6605E+02  1.0612E+01 3.5014E-01  2.4080E+00 5.1369E-02
 9.5499E+02  1.0612E+01 3.5420E-01  2.4081E+00 5.1964E-02
 9.4406E+02  1.0612E+01 3.5830E-01  2.4081E+00 5.2567E-02
 9.3325E+02  1.0612E+01 3.6246E-01  2.4081E+00 5.3176E-02
 9.2257E+02  1.0612E+01 3.6666E-01  2.4081E+00 5.3792E-02
 9.1201E+02  1.0612E+01 3.7091E-01  2.4081E+00 5.4416E-02
 9.0157E+02  1.0612E+01 3.7521E-01  2.4081E+00 5.5047E-02
 8.9125E+02  1.0612E+01 3.7956E-01  2.4081E+00 5.5685E-02
 8.8105E+02  1.0612E+01 3.8396E-01  2.4081E+00 5.6330E-02
 8.7096E+02  1.0612E+01 3.8841E-01  2.4081E+00 5.6983E-02
 8.6099E+02  1.0612E+01 3.9291E-01  2.4081E+00 5.7643E-02
 8.5114E+02  1.0612E+01 3.9747E-01  2.4081E+00 5.8312E-02
 8.4140E+02  1.0612E+01 4.0208E-01  2.4081E+00 5.8988E-02
 8.3176E+02  1.0612E+01 4.0674E-01  2.4081E+00 5.9671E-02
 8.2224E+02  1.0612E+01 4.1145E-01  2.4081E+00 6.0363E-02
 8.1283E+02  1.0612E+01 4.1622E-01  2.4081E+00 6.1063E-02
 8.0353E+02  1.0612E+01 4.2105E-01  2.4081E+00 6.1771E-02
 7.9433E+02  1.0611E+01 4.2593E-01  2.4081E+00 6.2487E-02
 7.8524E+02  1.0611E+01 4.3086E-01  2.4081E+00 6.3211E-02
 7.7625E+02  1.0611E+01 4.3586E-01  2.4081E+00 6.3944E-02
 7.6736E+02  1.0611E+01 4.4091E-01  2.4081E+00 6.4685E-02
 7.5858E+02  1.0611E+01 4.4602E-01  2.4081E+00 6.5435E-02
 7.4989E+02  1.0611E+01 4.5119E-01  2.4081E+00 6.6194E-02
 7.4131E+02  1.0611E+01 4.5642E-01  2.4081E+00 6.6961E-02
 7.3282E+02  1.0610E+01 4.6171E-01  2.4081E+00 6.7738E-02
 7.2444E+02  1.0610E+01 4.6706E-01  2.4081E+00 6.8523E-02
 7.1614E+02  1.0610E+01 4.7247E-01  2.4080E+00 6.9317E-02
 7.0795E+02  1.0610E+01 4.7795E-01  2.4080E+00 7.0121E-02
 6.9984E+02  1.0609E+01 4.8349E-01  2.4080E+00 7.0934E-02
 6.9183E+02  1.0609E+01 4.8909E-01  2.4080E+00 7.1757E-02
 6.8391E+02  1.0609E+01 4.9475E-01  2.4079E+00 7.2589E-02
 6.7608E+02  1.0608E+01 5.0048E-01  2.4079E+00 7.3431E-02
 6.6834E+02  1.0608E+01 5.0628E-01  2.4078E+00 7.4283E-02
 6.6069E+02  1.0607E+01 5.1215E-01  2.4078E+00 7.5144E-02
 6.5313E+02  1.0607E+01 5.1808E-01  2.4077E+00 7.6016E-02
 6.4565E+02  1.0606E+01 5.2408E-01  2.4076E+00 7.6897E-02
 6.3826E+02  1.0606E+01 5.3015E-01  2.4076E+00 7.7789E-02
 6.3096E+02  1.0605E+01 5.3629E-01  2.4075E+00 7.8692E-02
 6.2373E+02  1.0605E+01 5.4250E-01  2.4075E+00 7.9604E-02
 6.1659E+02  1.0604E+01 5.4878E-01  2.4074E+00 8.0527E-02
 6.0954E+02  1.0603E+01 5.5514E-01  2.4074E+00 8.1461E-02
 6.0256E+02  1.0603E+01 5.6156E-01  2.4073E+00 8.2406E-02
 5.9566E+02  1.0602E+01 5.6807E-01  2.4072E+00 8.3362E-02
 5.8884E+02  1.0602E+01 5.7464E-01  2.4072E+00 8.4329E-02
 5.8210E+02  1.0601E+01 5.8129E-01  2.4071E+00 8.5307E-02
 5.7544E+02  1.0600E+01 5.8802E-01  2.4070E+00 8.6296E-02
 5.6885E+02  1.0600E+01 5.9483E-01  2.4069E+00 8.7297E-02
 5.6234E+02  1.0599E+01 6.0172E-01  2.4069E+00 8.8309E-02
 5.5590E+02  1.0598E+01 6.0868E-01  2.4068E+00 8.9333E-02
 5.4954E+02  1.0598E+01 6.1573E-01  2.4067E+00 9.0369E-02
 5.4325E+02  1.0597E+01 6.2285E-01  2.4066E+00 9.1417E-02
 5.3703E+02  1.0596E+01 6.3006E-01  2.4066E+00 9.2477E-02
 5.3088E+02  1.0595E+01 6.3735E-01  2.4065E+00 9.3550E-02
 5.2481E+02  1.0595E+01 6.4473E-01  2.4064E+00 9.4635E-02
 5.1880E+02  1.0594E+01 6.5219E-01  2.4063E+00 9.5732E-02
 5.1286E+02  1.0593E+01 6.5973E-01  2.4062E+00 9.6842E-02
 5.0699E+02  1.0592E+01 6.6736E-01  2.4061E+00 9.7965E-02
 5.0119E+02  1.0591E+01 6.7508E-01  2.4060E+00 9.9102E-02
 4.9545E+02  1.0590E+01 6.8289E-01  2.4060E+00 1.0025E-01
 4.8978E+02  1.0590E+01 6.9079E-01  2.4059E+00 1.0141E-01
 4.8417E+02  1.0589E+01 6.9878E-01  2.4058E+00 1.0259E-01
 4.7863E+02  1.0589E+01 7.0686E-01  2.4058E+00 1.0377E-01
 4.7315E+02  1.0588E+01 7.1504E-01  2.4057E+00 1.0498E-01
 4.6774E+02  1.0587E+01 7.2331E-01  2.4057E+00 1.0619E-01
 4.6238E+02  1.0587E+01 7.3168E-01  2.4056E+00 1.0742E-01
 4.5709E+02  1.0586E+01 7.4014E-01  2.4056E+00 1.0867E-01
 4.5186E+02  1.0585E+01 7.4871E-01  2.4055E+00 1.0993E-01
 4.4668E+02  1.0585E+01 7.5737E-01  2.4054E+00 1.1120E-01
 4.4157E+02  1.0584E+01 7.6613E-01  2.4054E+00 1.1249E-01
 4.3652E+02  1.0583E+01 7.7500E-01  2.4053E+00 1.1379E-01
 4.3152E+02  1.0582E+01 7.8397E-01  2.4052E+00 1.1511E-01
 4.2658E+02  1.0582E+01 7.9305E-01  2.4052E+00 1.1645E-01
 4.2170E+02  1.0581E+01 8.0223E-01  2.4051E+00 1.1780E-01
 4.1687E+02  1.0580E+01 8.1151E-01  2.4050E+00 1.1916E-01
 4.1210E+02  1.0579E+01 8.2092E-01  2.4050E+00 1.2055E-01
 4.0738E+02  1.0578E+01 8.3047E-01  2.4048E+00 1.2195E-01
 4.0272E+02  1.0577E+01 8.4013E-01  2.4047E+00 1.2338E-01
 3.9811E+02  1.0575E+01 8.4990E-01  2.4046E+00 1.2482E-01
 3.9355E+02  1.0574E+01 8.5978E-01  2.4044E+00 1.2627E-01
 3.8905E+02  1.0573E+01 8.6977E-01  2.4043E+00 1.2775E-01
 3.8459E+02  1.0571E+01 8.7989E-01  2.4041E+00 1.2924E-01
 3.8019E+02  1.0570E+01 8.9011E-01  2.4040E+00 1.3075E-01
 3.7584E+02  1.0568E+01 9.0046E-01  2.4038E+00 1.3227E-01
 3.7154E+02  1.0567E+01 9.1093E-01  2.4037E+00 1.3382E-01
 3.6728E+02  1.0566E+01 9.2151E-01  2.4035E+00 1.3538E-01
 3.6308E+02  1.0564E+01 9.3222E-01  2.4033E+00 1.3696E-01
 3.5892E+02  1.0562E+01 9.4306E-01  2.4032E+00 1.3855E-01
 3.5481E+02  1.0561E+01 9.5401E-01  2.4030E+00 1.4017E-01
 3.5075E+02  1.0560E+01 9.6507E-01  2.4029E+00 1.4180E-01
 3.4674E+02  1.0558E+01 9.7625E-01  2.4028E+00 1.4345E-01
 3.4277E+02  1.0557E+01 9.8756E-01  2.4027E+00 1.4512E-01
 3.3884E+02  1.0556E+01 9.9900E-01  2.4026E+00 1.4680E-01
 3.3497E+02  1.0555E+01 1.0106E+00  2.4024E+00 1.4851E-01
 3.3113E+02  1.0553E+01 1.0223E+00  2.4023E+00 1.5023E-01
 3.2734E+02  1.0552E+01 1.0341E+00  2.4022E+00 1.5198E-01
 3.2359E+02  1.0550E+01 1.0461E+00  2.4020E+00 1.5375E-01
 3.1989E+02  1.0549E+01 1.0582E+00  2.4019E+00 1.5553E-01
 3.1623E+02  1.0547E+01 1.0705E+00  2.4017E+00 1.5734E-01
 3.1261E+02  1.0545E+01 1.0829E+00  2.4016E+00 1.5917E-01
 3.0903E+02  1.0544E+01 1.0954E+00  2.4014E+00 1.6102E-01
 3.0549E+02  1.0542E+01 1.1081E+00  2.4013E+00 1.6290E-01
 3.0200E+02  1.0540E+01 1.1209E+00  2.4011E+00 1.6479E-01
 2.9854E+02  1.0538E+01 1.1339E+00  2.4009E+00 1.6671E-01
 2.9512E+02  1.0536E+01 1.1471E+00  2.4007E+00 1.6865E-01
 2.9174E+02  1.0534E+01 1.1604E+00  2.4005E+00 1.7062E-01
 2.8840E+02  1.0532E+01 1.1738E+00  2.4002E+00 1.7260E-01
 2.8510E+02  1.0530E+01 1.1874E+00  2.4000E+00 1.7462E-01
 2.8184E+02  1.0527E+01 1.2011E+00  2.3998E+00 1.7665E-01
 2.7861E+02  1.0525E+01 1.2151E+00  2.3995E+00 1.7871E-01
 2.7542E+02  1.0523E+01 1.2291E+00  2.3993E+00 1.8079E-01
 2.7227E+02  1.0520E+01 1.2434E+00  2.3990E+00 1.8290E-01
 2.6915E+02  1.0518E+01 1.2578E+00  2.3988E+00 1.8503E-01
 2.6607E+02  1.0515E+01 1.2723E+00  2.3985E+00 1.8719E-01
 2.6303E+02  1.0512E+01 1.2871E+00  2.3983E+00 1.8937E-01
 2.6002E+02  1.0510E+01 1.3020E+00  2.3980E+00 1.9158E-01
 2.5704E+02  1.0507E+01 1.3171E+00  2.3977E+00 1.9382E-01
 2.5410E+02  1.0504E+01 1.3323E+00  2.3974E+00 1.9608E-01
 2.5119E+02  1.0501E+01 1.3477E+00  2.3971E+00 1.9836E-01
 2.4831E+02  1.0498E+01 1.3633E+00  2.3968E+00 2.0068E-01
 2.4547E+02  1.0495E+01 1.3791E+00  2.3965E+00 2.0302E-01
 2.4266E+02  1.0492E+01 1.3951E+00  2.3962E+00 2.0539E-01
 2.3988E+02  1.0489E+01 1.4112E+00  2.3959E+00 2.0778E-01
 2.3714E+02  1.0486E+01 1.4276E+00  2.3956E+00 2.1021E-01
 2.3442E+02  1.0483E+01 1.4441E+00  2.3953E+00 2.1266E-01
 2.3174E+02  1.0479E+01 1.4608E+00  2.3949E+00 2.1514E-01
 2.2909E+02  1.0476E+01 1.4777E+00  2.3946E+00 2.1765E-01
 2.2646E+02  1.0473E+01 1.4948E+00  2.3943E+00 2.2019E-01
 2.2387E+02  1.0469E+01 1.5121E+00  2.3939E+00 2.2276E-01
 2.2131E+02  1.0465E+01 1.5296E+00  2.3935E+00 2.2537E-01
 2.1878E+02  1.0462E+01 1.5473E+00  2.3932E+00 2.2800E-01
 2.1627E+02  1.0458E+01 1.5652E+00  2.3928E+00 2.3066E-01
 2.1380E+02  1.0454E+01 1.5833E+00  2.3924E+00 2.3336E-01
 2.1135E+02  1.0450E+01 1.6016E+00  2.3920E+00 2.3608E-01
 2.0893E+02  1.0446E+01 1.6201E+00  2.3916E+00 2.3884E-01
 2.0654E+02  1.0442E+01 1.6388E+00  2.3912E+00 2.4163E-01
 2.0417E+02  1.0438E+01 1.6578E+00  2.3908E+00 2.4446E-01
 2.0184E+02  1.0433E+01 1.6770E+00  2.3903E+00 2.4731E-01
 1.9953E+02  1.0429E+01 1.6964E+00  2.3899E+00 2.5021E-01
 1.9724E+02  1.0424E+01 1.7160E+00  2.3895E+00 2.5313E-01
 1.9498E+02  1.0420E+01 1.7358E+00  2.3890E+00 2.5609E-01
 1.9275E+02  1.0415E+01 1.7559E+00  2.3885E+00 2.5909E-01
 1.9055E+02  1.0410E+01 1.7762E+00  2.3880E+00 2.6212E-01
 1.8836E+02  1.0405E+01 1.7967E+00  2.3875E+00 2.6519E-01
 1.8621E+02  1.0400E+01 1.8174E+00  2.3870E+00 2.6830E-01
 1.8408E+02  1.0395E+01 1.8384E+00  2.3865E+00 2.7144E-01
 1.8197E+02  1.0389E+01 1.8597E+00  2.3859E+00 2.7462E-01
 1.7989E+02  1.0384E+01 1.8812E+00  2.3854E+00 2.7784E-01
 1.7783E+02  1.0378E+01 1.9029E+00  2.3848E+00 2.8109E-01
 1.7579E+02  1.0372E+01 1.9249E+00  2.3842E+00 2.8439E-01
 1.7378E+02  1.0366E+01 1.9471E+00  2.3836E+00 2.8773E-01
 1.7179E+02  1.0360E+01 1.9696E+00  2.3830E+00 2.9111E-01
 1.6982E+02  1.0353E+01 1.9924E+00  2.3823E+00 2.9452E-01
 1.6788E+02  1.0347E+01 2.0154E+00  2.3816E+00 2.9799E-01
 1.6596E+02  1.0340E+01 2.0386E+00  2.3810E+00 3.0149E-01
 1.6406E+02  1.0333E+01 2.0622E+00  2.3802E+00 3.0503E-01
 1.6218E+02  1.0326E+01 2.0859E+00  2.3795E+00 3.0862E-01
 1.6032E+02  1.0319E+01 2.1100E+00  2.3788E+00 3.1224E-01
 1.5849E+02  1.0311E+01 2.1343E+00  2.3780E+00 3.1591E-01
 1.5668E+02  1.0303E+01 2.1589E+00  2.3772E+00 3.1963E-01
 1.5488E+02  1.0295E+01 2.1838E+00  2.3764E+00 3.2339E-01
 1.5311E+02  1.0287E+01 2.2089E+00  2.3755E+00 3.2719E-01
 1.5136E+02  1.0279E+01 2.2343E+00  2.3747E+00 3.3104E-01
 1.4962E+02  1.0270E+01 2.2600E+00  2.3738E+00 3.3494E-01
 1.4791E+02  1.0262E+01 2.2860E+00  2.3729E+00 3.3888E-01
 1.4622E+02  1.0253E+01 2.3123E+00  2.3720E+00 3.4286E-01
 1.4454E+02  1.0244E+01 2.3388E+00  2.3711E+00 3.4689E-01
 1.4289E+02  1.0234E+01 2.3656E+00  2.3701E+00 3.5097E-01
 1.4125E+02  1.0225E+01 2.3927E+00  2.3691E+00 3.5510E-01
 1.3964E+02  1.0215E+01 2.4201E+00  2.3681E+00 3.5927E-01
 1.3804E+02  1.0205E+01 2.4478E+00  2.3671E+00 3.6349E-01
 1.3646E+02  1.0195E+01 2.4758E+00  2.3660E+00 3.6777E-01
 1.3490E+02  1.0184E+01 2.5041E+00  2.3649E+00 3.7209E-01
 1.3335E+02  1.0173E+01 2.5327E+00  2.3638E+00 3.7646E-01
 1.3183E+02  1.0162E+01 2.5615E+00  2.3627E+00 3.8088E-01
 1.3032E+02  1.0151E+01 2.5907E+00  2.3615E+00 3.8535E-01
 1.2882E+02  1.0139E+01 2.6202E+00  2.3603E+00 3.8987E-01
 1.2735E+02  1.0127E+01 2.6499E+00  2.3590E+00 3.9445E-01
 1.2589E+02  1.0115E+01 2.6800E+00  2.3577E+00 3.9908E-01
 1.2445E+02  1.0103E+01 2.7104E+00  2.3564E+00 4.0376E-01
 1.2303E+02  1.0090E+01 2.7410E+00  2.3551E+00 4.0849E-01
 1.2162E+02  1.0077E+01 2.7720E+00  2.3537E+00 4.1327E-01
 1.2023E+02  1.0063E+01 2.8033E+00  2.3523E+00 4.1811E-01
 1.1885E+02  1.0049E+01 2.8349E+00  2.3508E+00 4.2301E-01
 1.1749E+02  1.0034E+01 2.8668E+00  2.3493E+00 4.2798E-01
 1.1614E+02  1.0019E+01 2.8991E+00  2.3476E+00 4.3302E-01
 1.1482E+02  1.0003E+01 2.9317E+00  2.3458E+00 4.3811E-01
 1.1350E+02  9.9864E+00 2.9646E+00  2.3441E+00 4.4326E-01
 1.1220E+02  9.9701E+00 2.9978E+00  2.3423E+00 4.4845E-01
 1.1092E+02  9.9540E+00 3.0313E+00  2.3406E+00 4.5370E-01
 1.0965E+02  9.9375E+00 3.0651E+00  2.3389E+00 4.5900E-01
 1.0839E+02  9.9205E+00 3.0992E+00  2.3371E+00 4.6436E-01
 1.0715E+02  9.9031E+00 3.1336E+00  2.3352E+00 4.6977E-01
 1.0593E+02  9.8851E+00 3.1683E+00  2.3333E+00 4.7525E-01
 1.0471E+02  9.8668E+00 3.2033E+00  2.3314E+00 4.8079E-01
 1.0351E+02  9.8479E+00 3.2387E+00  2.3293E+00 4.8638E-01
 1.0233E+02  9.8270E+00 3.2742E+00  2.3270E+00 4.9206E-01
 1.0116E+02  9.8050E+00 3.3100E+00  2.3246E+00 4.9782E-01
 1.0000E+02  9.7822E+00 3.3462E+00  2.3220E+00 5.0363E-01
 9.8855E+01  9.7624E+00 3.3830E+00  2.3199E+00 5.0949E-01
 9.7724E+01  9.7420E+00 3.4200E+00  2.3178E+00 5.1540E-01
 9.6605E+01  9.7211E+00 3.4573E+00  2.3156E+00 5.2137E-01
 9.5499E+01  9.6996E+00 3.4948E+00  2.3133E+00 5.2740E-01
 9.4406E+01  9.6761E+00 3.5324E+00  2.3107E+00 5.3349E-01
 9.3325E+01  9.6515E+00 3.5702E+00  2.3080E+00 5.3963E-01
 9.2257E+01  9.6260E+00 3.6082E+00  2.3051E+00 5.4584E-01
 9.1201E+01  9.6006E+00 3.6465E+00  2.3023E+00 5.5211E-01
 9.0157E+01  9.5750E+00 3.6852E+00  2.2995E+00 5.5845E-01
 8.9125E+01  9.5488E+00 3.7242E+00  2.2966E+00 5.6484E-01
 8.8105E+01  9.5213E+00 3.7632E+00  2.2936E+00 5.7129E-01
 8.7096E+01  9.4926E+00 3.8022E+00  2.2904E+00 5.7778E-01
 8.6099E+01  9.4632E+00 3.8415E+00  2.2870E+00 5.8434E-01
 8.5114E+01  9.4334E+00 3.8810E+00  2.2837E+00 5.9096E-01
 8.4140E+01  9.4035E+00 3.9210E+00  2.2804E+00 5.9765E-01
 8.3176E+01  9.3729E+00 3.9611E+00  2.2769E+00 6.0440E-01
 8.2224E+01  9.3409E+00 4.0013E+00  2.2733E+00 6.1120E-01
 8.1283E+01  9.3076E+00 4.0415E+00  2.2695E+00 6.1806E-01
 8.0353E+01  9.2734E+00 4.0818E+00  2.2656E+00 6.2497E-01
 7.9433E+01  9.2390E+00 4.1223E+00  2.2617E+00 6.3193E-01
 7.8524E+01  9.2043E+00 4.1630E+00  2.2577E+00 6.3895E-01
 7.7625E+01  9.1687E+00 4.2039E+00  2.2536E+00 6.4603E-01
 7.6736E+01  9.1312E+00 4.2447E+00  2.2493E+00 6.5317E-01
 7.5858E+01  9.0926E+00 4.2854E+00  2.2448E+00 6.6035E-01
 7.4989E+01  9.0533E+00 4.3261E+00  2.2402E+00 6.6757E-01
 7.4131E+01  9.0142E+00 4.3668E+00  2.2357E+00 6.7480E-01
 7.3282E+01  8.9741E+00 4.4075E+00  2.2310E+00 6.8206E-01
 7.2444E+01  8.9324E+00 4.4480E+00  2.2261E+00 6.8938E-01
 7.1614E+01  8.8891E+00 4.4885E+00  2.2210E+00 6.9676E-01
 7.0795E+01  8.8447E+00 4.5289E+00  2.2157E+00 7.0419E-01
 6.9984E+01  8.8030E+00 4.5698E+00  2.2108E+00 7.1162E-01
 6.9183E+01  8.7558E+00 4.6099E+00  2.2052E+00 7.1914E-01
 6.8391E+01  8.7102E+00 4.6499E+00  2.1997E+00 7.2661E-01
 6.7608E+01  8.6645E+00 4.6897E+00  2.1943E+00 7.3408E-01
 6.6834E+01  8.6172E+00 4.7294E+00  2.1886E+00 7.4161E-01
 6.6069E+01  8.5678E+00 4.7688E+00  2.1826E+00 7.4920E-01
 6.5313E+01  8.5173E+00 4.8080E+00  2.1765E+00 7.5681E-01
 6.4565E+01  8.4670E+00 4.8469E+00  2.1704E+00 7.6440E-01
 6.3826E+01  8.4157E+00 4.8852E+00  2.1641E+00 7.7197E-01
 6.3096E+01  8.3624E+00 4.9228E+00  2.1575E+00 7.7953E-01
 6.2373E+01  8.3075E+00 4.9597E+00  2.1507E+00 7.8708E-01
 6.1659E+01  8.2512E+00 4.9962E+00  2.1437E+00 7.9465E-01
 6.0954E+01  8.1938E+00 5.0323E+00  2.1365E+00 8.0222E-01
 6.0256E+01  8.1359E+00 5.0678E+00  2.1292E+00 8.0978E-01
 5.9566E+01  8.0774E+00 5.1029E+00  2.1218E+00 8.1731E-01
 5.8884E+01  8.0186E+00 5.1375E+00  2.1143E+00 8.2482E-01
 5.8210E+01  7.9597E+00 5.1716E+00  2.1068E+00 8.3229E-01
 5.7544E+01  7.8999E+00 5.2050E+00  2.0992E+00 8.3973E-01
 5.6885E+01  7.8393E+00 5.2377E+00  2.0914E+00 8.4713E-01
 5.6234E+01  7.7775E+00 5.2695E+00  2.0834E+00 8.5448E-01
 5.5590E+01  7.7136E+00 5.3001E+00  2.0751E+00 8.6177E-01
 5.4954E+01  7.6488E+00 5.3298E+00  2.0666E+00 8.6901E-01
 5.4325E+01  7.5832E+00 5.3587E+00  2.0579E+00 8.7620E-01
 5.3703E+01  7.5171E+00 5.3869E+00  2.0492E+00 8.8334E-01
 5.3088E+01  7.4511E+00 5.4146E+00  2.0404E+00 8.9044E-01
 5.2481E+01  7.3844E+00 5.4414E+00  2.0315E+00 8.9748E-01
 5.1880E+01  7.3168E+00 5.4672E+00  2.0224E+00 9.0445E-01
 5.1286E+01  7.2468E+00 5.4912E+00  2.0129E+00 9.1130E-01
 5.0699E+01  7.1754E+00 5.5140E+00  2.0030E+00 9.1806E-01
 5.0119E+01  7.1038E+00 5.5359E+00  1.9932E+00 9.2476E-01
 4.9545E+01  7.0333E+00 5.5573E+00  1.9834E+00 9.3136E-01
 4.8978E+01  6.9627E+00 5.5779E+00  1.9736E+00 9.3790E-01
 4.8417E+01  6.8916E+00 5.5975E+00  1.9637E+00 9.4435E-01
 4.7863E+01  6.8199E+00 5.6162E+00  1.9536E+00 9.5073E-01
 4.7315E+01  6.7476E+00 5.6338E+00  1.9434E+00 9.5702E-01
 4.6774E+01  6.6749E+00 5.6504E+00  1.9330E+00 9.6323E-01
 4.6238E+01  6.6016E+00 5.6659E+00  1.9225E+00 9.6934E-01
 4.5709E+01  6.5278E+00 5.6803E+00  1.9119E+00 9.7536E-01
 4.5186E+01  6.4535E+00 5.6935E+00  1.9011E+00 9.8127E-01
 4.4668E+01  6.3780E+00 5.7058E+00  1.8901E+00 9.8714E-01
 4.4157E+01  6.3020E+00 5.7168E+00  1.8789E+00 9.9289E-01
 4.3652E+01  6.2258E+00 5.7265E+00  1.8675E+00 9.9850E-01
 4.3152E+01  6.1493E+00 5.7348E+00  1.8561E+00 1.0040E+00
 4.2658E+01  6.0726E+00 5.7417E+00  1.8445E+00 1.0093E+00
 4.2170E+01  5.9958E+00 5.7472E+00  1.8328E+00 1.0144E+00
 4.1687E+01  5.9188E+00 5.7513E+00  1.8210E+00 1.0194E+00
 4.1210E+01  5.8413E+00 5.7525E+00  1.8089E+00 1.0240E+00
 4.0738E+01  5.7631E+00 5.7487E+00  1.7964E+00 1.0279E+00
 4.0272E+01  5.6855E+00 5.7446E+00  1.7839E+00 1.0318E+00
 3.9811E+01  5.6087E+00 5.7402E+00  1.7715E+00 1.0356E+00
 3.9355E+01  5.5325E+00 5.7354E+00  1.7591E+00 1.0394E+00
 3.8905E+01  5.4570E+00 5.7303E+00  1.7468E+00 1.0431E+00
 3.8459E+01  5.3823E+00 5.7248E+00  1.7346E+00 1.0467E+00
 3.8019E+01  5.3084E+00 5.7190E+00  1.7224E+00 1.0503E+00
 3.7584E+01  5.2353E+00 5.7129E+00  1.7104E+00 1.0539E+00
 3.7154E+01  5.1703E+00 5.7107E+00  1.6998E+00 1.0576E+00
 3.6728E+01  5.1051E+00 5.7082E+00  1.6892E+00 1.0613E+00
 3.6308E+01  5.0395E+00 5.7052E+00  1.6784E+00 1.0650E+00
 3.5892E+01  4.9736E+00 5.7016E+00  1.6675E+00 1.0687E+00
 3.5481E+01  4.9072E+00 5.6974E+00  1.6565E+00 1.0723E+00
 3.5075E+01  4.8404E+00 5.6927E+00  1.6454E+00 1.0760E+00
 3.4674E+01  4.7733E+00 5.6874E+00  1.6341E+00 1.0795E+00
 3.4277E+01  4.7058E+00 5.6814E+00  1.6228E+00 1.0831E+00
 3.3884E+01  4.6379E+00 5.6749E+00  1.6113E+00 1.0866E+00
 3.3497E+01  4.5695E+00 5.6677E+00  1.5996E+00 1.0901E+00
 3.3113E+01  4.4962E+00 5.6593E+00  1.5870E+00 1.0938E+00
 3.2734E+01  4.4223E+00 5.6498E+00  1.5742E+00 1.0974E+00
 3.2359E+01  4.3478E+00 5.6391E+00  1.5612E+00 1.1009E+00
 3.1989E+01  4.2728E+00 5.6272E+00  1.5480E+00 1.1042E+00
 3.1623E+01  4.1972E+00 5.6141E+00  1.5345E+00 1.1075E+00
 3.1261E+01  4.1211E+00 5.5997E+00  1.5208E+00 1.1107E+00
 3.0903E+01  4.0444E+00 5.5841E+00  1.5069E+00 1.1137E+00
 3.0549E+01  3.9672E+00 5.5672E+00  1.4928E+00 1.1166E+00
 3.0200E+01  3.8895E+00 5.5489E+00  1.4784E+00 1.1194E+00
 2.9854E+01  3.8127E+00 5.5278E+00  1.4639E+00 1.1217E+00
 2.9512E+01  3.7377E+00 5.5034E+00  1.4494E+00 1.1234E+00
 2.9174E+01  3.6626E+00 5.4782E+00  1.4348E+00 1.1250E+00
 2.8840E+01  3.5876E+00 5.4520E+00  1.4200E+00 1.1264E+00
 2.8510E+01  3.5126E+00 5.4248E+00  1.4051E+00 1.1278E+00
 2.8184E+01  3.4377E+00 5.3966E+00  1.3900E+00 1.1290E+00
 2.7861E+01  3.3629E+00 5.3675E+00  1.3749E+00 1.1301E+00
 2.7542E+01  3.2881E+00 5.3375E+00  1.3595E+00 1.1310E+00
 2.7227E+01  3.2128E+00 5.3099E+00  1.3442E+00 1.1325E+00
 2.6915E+01  3.1375E+00 5.2817E+00  1.3288E+00 1.1340E+00
 2.6607E+01  3.0622E+00 5.2529E+00  1.3133E+00 1.1354E+00
 2.6303E+01  2.9870E+00 5.2236E+00  1.2976E+00 1.1367E+00
 2.6002E+01  2.9119E+00 5.1936E+00  1.2819E+00 1.1380E+00
 2.5704E+01  2.8368E+00 5.1631E+00  1.2660E+00 1.1393E+00
 2.5410E+01  2.7618E+00 5.1319E+00  1.2500E+00 1.1404E+00
 2.5119E+01  2.6870E+00 5.1001E+00  1.2339E+00 1.1415E+00
 2.4831E+01  2.6139E+00 5.0594E+00  1.2171E+00 1.1410E+00
 2.4547E+01  2.5428E+00 5.0094E+00  1.1998E+00 1.1386E+00
 2.4266E+01  2.4730E+00 4.9574E+00  1.1824E+00 1.1358E+00
 2.3988E+01  2.4060E+00 4.9155E+00  1.1664E+00 1.1345E+00
 2.3714E+01  2.3369E+00 4.8726E+00  1.1497E+00 1.1333E+00
 2.3442E+01  2.2662E+00 4.8248E+00  1.1322E+00 1.1314E+00
 2.3174E+01  2.2040E+00 4.7748E+00  1.1159E+00 1.1283E+00
 2.2909E+01  2.1415E+00 4.7286E+00  1.0998E+00 1.1259E+00
 2.2646E+01  2.0689E+00 4.6893E+00  1.0824E+00 1.1259E+00
 2.2387E+01  1.9858E+00 4.6417E+00  1.0621E+00 1.1254E+00
 2.2131E+01  1.9020E+00 4.5816E+00  1.0403E+00 1.1228E+00
 2.1878E+01  1.8357E+00 4.5117E+00  1.0205E+00 1.1165E+00
 2.1627E+01  1.7759E+00 4.4470E+00  1.0023E+00 1.1105E+00
 2.1380E+01  1.7146E+00 4.3897E+00  9.8442E-01 1.1060E+00
 2.1135E+01  1.6423E+00 4.3296E+00  9.6399E-01 1.1022E+00
 2.0893E+01  1.5723E+00 4.2602E+00  9.4279E-01 1.0964E+00
 2.0654E+01  1.5087E+00 4.1850E+00  9.2198E-01 1.0887E+00
 2.0417E+01  1.4475E+00 4.1179E+00  9.0234E-01 1.0823E+00
 2.0184E+01  1.3725E+00 4.0507E+00  8.7975E-01 1.0775E+00
 1.9953E+01  1.2934E+00 3.9653E+00  8.5393E-01 1.0694E+00
 1.9724E+01  1.2185E+00 3.8554E+00  8.2574E-01 1.0558E+00
 1.9498E+01  1.1550E+00 3.7419E+00  7.9904E-01 1.0400E+00
 1.9275E+01  1.1036E+00 3.6268E+00  7.7430E-01 1.0220E+00
 1.9055E+01  1.0643E+00 3.5114E+00  7.5180E-01 1.0022E+00
 1.8836E+01  1.0363E+00 3.3936E+00  7.3118E-01 9.8015E-01
 1.8621E+01  1.0191E+00 3.2683E+00  7.1184E-01 9.5462E-01
 1.8408E+01  1.0115E+00 3.1426E+00  6.9451E-01 9.2730E-01
 1.8197E+01  1.0133E+00 3.0199E+00  6.7970E-01 8.9895E-01
 1.7989E+01  1.0237E+00 2.9081E+00  6.6833E-01 8.7156E-01
 1.7783E+01  1.0421E+00 2.8004E+00  6.5953E-01 8.4374E-01
 1.7579E+01  1.0685E+00 2.6927E+00  6.5288E-01 8.1456E-01
 1.7378E+01  1.1011E+00 2.5877E+00  6.4840E-01 7.8492E-01
 1.7179E+01  1.1398E+00 2.4889E+00  6.4652E-01 7.5580E-01
 1.6982E+01  1.1833E+00 2.4007E+00  6.4749E-01 7.2861E-01
 1.6788E+01  1.2319E+00 2.3180E+00  6.5071E-01 7.0212E-01
 1.6596E+01  1.2847E+00 2.2357E+00  6.5549E-01 6.7522E-01
 1.6406E+01  1.3418E+00 2.1576E+00  6.6222E-01 6.4900E-01
 1.6218E+01  1.4040E+00 2.0873E+00  6.7149E-01 6.2438E-01
 1.6032E+01  1.4707E+00 2.0255E+00  6.8309E-01 6.0172E-01
 1.5849E+01  1.5409E+00 1.9692E+00  6.9641E-01 5.8041E-01
 1.5668E+01  1.6132E+00 1.9166E+00  7.1083E-01 5.6014E-01
 1.5488E+01  1.6892E+00 1.8700E+00  7.2695E-01 5.4142E-01
 1.5311E+01  1.7702E+00 1.8314E+00  7.4514E-01 5.2471E-01
 1.5136E+01  1.8562E+00 1.8003E+00  7.6530E-01 5.0993E-01
 1.4962E+01  1.9437E+00 1.7754E+00  7.8625E-01 4.9698E-01
 1.4791E+01  2.0382E+00 1.7563E+00  8.0935E-01 4.8534E-01
 1.4622E+01  2.1446E+00 1.7455E+00  8.3591E-01 4.7538E-01
 1.4454E+01  2.2579E+00 1.7527E+00  8.6513E-01 4.6986E-01
 1.4289E+01  2.3800E+00 1.7829E+00  8.9755E-01 4.6979E-01
 1.4125E+01  2.5019E+00 1.8389E+00  9.3096E-01 4.7617E-01
 1.3964E+01  2.6158E+00 1.9260E+00  9.6374E-01 4.9040E-01
 1.3804E+01  2.7118E+00 2.0392E+00  9.9335E-01 5.1151E-01
 1.3646E+01  2.7800E+00 2.1757E+00  1.0176E+00 5.3918E-01
 1.3490E+01  2.8188E+00 2.3228E+00  1.0357E+00 5.7050E-01
 1.3335E+01  2.8252E+00 2.4648E+00  1.0464E+00 6.0221E-01
 1.3183E+01  2.8094E+00 2.6040E+00  1.0523E+00 6.3441E-01
 1.3032E+01  2.7845E+00 2.7419E+00  1.0564E+00 6.6667E-01
 1.2882E+01  2.7387E+00 2.8804E+00  1.0565E+00 7.0031E-01
 1.2735E+01  2.6663E+00 3.0181E+00  1.0512E+00 7.3568E-01
 1.2589E+01  2.5732E+00 3.1413E+00  1.0409E+00 7.6957E-01
 1.2445E+01  2.4640E+00 3.2421E+00  1.0259E+00 8.0017E-01
 1.2303E+01  2.3503E+00 3.3295E+00  1.0092E+00 8.2856E-01
 1.2162E+01  2.2303E+00 3.4149E+00  9.9135E-01 8.5743E-01
 1.2023E+01  2.0833E+00 3.4963E+00  9.6786E-01 8.8836E-01
 1.1885E+01  1.9258E+00 3.5478E+00  9.3963E-01 9.1455E-01
 1.1749E+01  1.7644E+00 3.5683E+00  9.0764E-01 9.3526E-01
 1.1614E+01  1.6148E+00 3.5710E+00  8.7627E-01 9.5162E-01
 1.1482E+01  1.4748E+00 3.5673E+00  8.4615E-01 9.6614E-01
 1.1350E+01  1.3295E+00 3.5678E+00  8.1528E-01 9.8270E-01
 1.1220E+01  1.1768E+00 3.5550E+00  7.8119E-01 9.9792E-01
 1.1092E+01  1.0194E+00 3.5225E+00  7.4352E-01 1.0102E+00
 1.0965E+01  8.7161E-01 3.4781E+00  7.0606E-01 1.0193E+00
 1.0839E+01  7.2235E-01 3.4282E+00  6.6717E-01 1.0282E+00
 1.0715E+01  5.6162E-01 3.3695E+00  6.2409E-01 1.0373E+00
 1.0593E+01  3.8944E-01 3.2785E+00  5.7325E-01 1.0420E+00
 1.0471E+01  2.3217E-01 3.1478E+00  5.1864E-01 1.0364E+00
 1.0351E+01  1.1334E-01 2.9882E+00  4.6666E-01 1.0187E+00
 1.0233E+01  3.5019E-02 2.8324E+00  4.2313E-01 9.9513E-01
 1.0116E+01 -2.0358E-02 2.6944E+00  3.8683E-01 9.7142E-01
 1.0000E+01 -7.1123E-02 2.5745E+00  3.5386E-01 9.5082E-01
 9.8855E+00 -1.2944E-01 2.4615E+00  3.1936E-01 9.3282E-01
 9.7724E+00 -1.9327E-01 2.3424E+00  2.8144E-01 9.1397E-01
 9.6605E+00 -2.6051E-01 2.2115E+00  2.3923E-01 8.9230E-01
 9.5499E+00 -3.1751E-01 2.0609E+00  1.9446E-01 8.6269E-01
 9.4406E+00 -3.5404E-01 1.8966E+00  1.5099E-01 8.2391E-01
 9.3325E+00 -3.6607E-01 1.7278E+00  1.1228E-01 7.7668E-01
 9.2257E+00 -3.5296E-01 1.5624E+00  8.1237E-02 7.2252E-01
 9.1201E+00 -3.1765E-01 1.4080E+00  5.9941E-02 6.6417E-01
 9.0157E+00 -2.6607E-01 1.2701E+00  4.9002E-02 6.0537E-01
 8.9125E+00 -2.0457E-01 1.1510E+00  4.7499E-02 5.4938E-01
 8.8105E+00 -1.3967E-01 1.0509E+00  5.3207E-02 4.9891E-01
 8.7096E+00 -7.7594E-02 9.6776E-01  6.2860E-02 4.5526E-01
 8.6099E+00 -2.3366E-02 8.9674E-01  7.2966E-02 4.1788E-01
 8.5114E+00  1.9692E-02 8.3073E-01  8.0495E-02 3.8442E-01
 8.4139E+00  5.3800E-02 7.6127E-01  8.4852E-02 3.5086E-01
 8.3176E+00  8.8030E-02 6.8250E-01  8.9128E-02 3.1332E-01
 8.2224E+00  1.3501E-01 5.9776E-01  9.9500E-02 2.7183E-01
 8.1283E+00  1.9133E-01 5.1445E-01  1.1557E-01 2.3058E-01
 8.0353E+00  2.5155E-01 4.3979E-01  1.3537E-01 1.9368E-01
 7.9433E+00  3.1982E-01 3.7589E-01  1.6020E-01 1.6199E-01
 7.8524E+00  3.9291E-01 3.2160E-01  1.8795E-01 1.3536E-01
 7.7625E+00  4.6940E-01 2.7632E-01  2.1749E-01 1.1348E-01
 7.6736E+00  5.4315E-01 2.4015E-01  2.4597E-01 9.6369E-02
 7.5858E+00  6.1404E-01 2.1161E-01  2.7317E-01 8.3105E-02
 7.4989E+00  6.8255E-01 1.9166E-01  2.9923E-01 7.3759E-02
 7.4131E+00  7.4640E-01 1.7839E-01  3.2323E-01 6.7409E-02
 7.3282E+00  8.0581E-01 1.7044E-01  3.4530E-01 6.3347E-02
 7.2444E+00  8.5950E-01 1.6626E-01  3.6499E-01 6.0901E-02
 7.1614E+00  9.0764E-01 1.6368E-01  3.8244E-01 5.9199E-02
 7.0795E+00  9.5059E-01 1.6351E-01  3.9786E-01 5.8485E-02
 6.9984E+00  9.8992E-01 1.6357E-01  4.1183E-01 5.7927E-02
 6.9183E+00  1.0259E+00 1.6415E-01  4.2451E-01 5.7616E-02
 6.8391E+00  1.0590E+00 1.6480E-01  4.3607E-01 5.7381E-02
 6.7608E+00  1.0897E+00 1.6537E-01  4.4672E-01 5.7153E-02
 6.6834E+00  1.1180E+00 1.6581E-01  4.5645E-01 5.6924E-02
 6.6069E+00  1.1443E+00 1.6595E-01  4.6543E-01 5.6621E-02
 6.5313E+00  1.1686E+00 1.6587E-01  4.7369E-01 5.6278E-02
 6.4565E+00  1.1917E+00 1.6559E-01  4.8148E-01 5.5888E-02
 6.3826E+00  1.2134E+00 1.6510E-01  4.8878E-01 5.5448E-02
 6.3096E+00  1.2335E+00 1.6434E-01  4.9549E-01 5.4944E-02
 6.2373E+00  1.2527E+00 1.6339E-01  5.0189E-01 5.4396E-02
 6.1659E+00  1.2713E+00 1.6219E-01  5.0804E-01 5.3774E-02
 6.0954E+00  1.2893E+00 1.6080E-01  5.1397E-01 5.3106E-02
 6.0256E+00  1.3067E+00 1.5942E-01  5.1969E-01 5.2452E-02
 5.9566E+00  1.3236E+00 1.5805E-01  5.2520E-01 5.1813E-02
 5.8884E+00  1.3398E+00 1.5670E-01  5.3049E-01 5.1192E-02
 5.8210E+00  1.3553E+00 1.5540E-01  5.3554E-01 5.0602E-02
 5.7544E+00  1.3702E+00 1.5415E-01  5.4036E-01 5.0037E-02
 5.6885E+00  1.3844E+00 1.5294E-01  5.4495E-01 4.9498E-02
 5.6234E+00  1.3980E+00 1.5180E-01  5.4934E-01 4.8988E-02
 5.5590E+00  1.4116E+00 1.5075E-01  5.5369E-01 4.8514E-02
 5.4954E+00  1.4245E+00 1.4977E-01  5.5784E-01 4.8069E-02
 5.4325E+00  1.4368E+00 1.4885E-01  5.6174E-01 4.7656E-02
 5.3703E+00  1.4486E+00 1.4799E-01  5.6552E-01 4.7265E-02
 5.3088E+00  1.4602E+00 1.4718E-01  5.6920E-01 4.6897E-02
 5.2481E+00  1.4714E+00 1.4643E-01  5.7275E-01 4.6552E-02
 5.1880E+00  1.4822E+00 1.4574E-01  5.7617E-01 4.6232E-02
 5.1286E+00  1.4927E+00 1.4511E-01  5.7950E-01 4.5936E-02
 5.0699E+00  1.5030E+00 1.4454E-01  5.8273E-01 4.5663E-02
 5.0119E+00  1.5128E+00 1.4403E-01  5.8584E-01 4.5412E-02
 4.9545E+00  1.5220E+00 1.4357E-01  5.8872E-01 4.5183E-02
 4.8978E+00  1.5308E+00 1.4313E-01  5.9149E-01 4.4966E-02
 4.8417E+00  1.5394E+00 1.4271E-01  5.9417E-01 4.4759E-02
 4.7863E+00  1.5477E+00 1.4231E-01  5.9678E-01 4.4561E-02
 4.7315E+00  1.5557E+00 1.4196E-01  5.9928E-01 4.4384E-02
 4.6774E+00  1.5635E+00 1.4164E-01  6.0169E-01 4.4217E-02
 4.6238E+00  1.5710E+00 1.4133E-01  6.0403E-01 4.4056E-02
 4.5709E+00  1.5782E+00 1.4104E-01  6.0629E-01 4.3901E-02
 4.5186E+00  1.5853E+00 1.4075E-01  6.0847E-01 4.3754E-02
 4.4668E+00  1.5920E+00 1.4048E-01  6.1057E-01 4.3612E-02
 4.4157E+00  1.5985E+00 1.4023E-01  6.1256E-01 4.3481E-02
 4.3652E+00  1.6045E+00 1.4001E-01  6.1444E-01 4.3363E-02
 4.3152E+00  1.6104E+00 1.3979E-01  6.1625E-01 4.3246E-02
 4.2658E+00  1.6160E+00 1.3956E-01  6.1799E-01 4.3129E-02
 4.2170E+00  1.6215E+00 1.3933E-01  6.1966E-01 4.3012E-02
 4.1687E+00  1.6266E+00 1.3909E-01  6.2126E-01 4.2896E-02
 4.1210E+00  1.6316E+00 1.3883E-01  6.2278E-01 4.2774E-02
 4.0738E+00  1.6365E+00 1.3848E-01  6.2429E-01 4.2629E-02
 4.0272E+00  1.6413E+00 1.3813E-01  6.2576E-01 4.2480E-02
 3.9811E+00  1.6459E+00 1.3775E-01  6.2717E-01 4.2329E-02
 3.9355E+00  1.6504E+00 1.3737E-01  6.2854E-01 4.2175E-02
 3.8905E+00  1.6546E+00 1.3696E-01  6.2985E-01 4.2017E-02
 3.8459E+00  1.6587E+00 1.3657E-01  6.3110E-01 4.1865E-02
 3.8019E+00  1.6627E+00 1.3619E-01  6.3232E-01 4.1717E-02
 3.7584E+00  1.6666E+00 1.3581E-01  6.3350E-01 4.1569E-02
 3.7154E+00  1.6703E+00 1.3542E-01  6.3464E-01 4.1421E-02
 3.6728E+00  1.6739E+00 1.3502E-01  6.3574E-01 4.1273E-02
 3.6308E+00  1.6774E+00 1.3462E-01  6.3680E-01 4.1124E-02
 3.5892E+00  1.6808E+00 1.3422E-01  6.3783E-01 4.0976E-02
 3.5481E+00  1.6841E+00 1.3381E-01  6.3882E-01 4.0825E-02
 3.5075E+00  1.6872E+00 1.3339E-01  6.3977E-01 4.0673E-02
 3.4674E+00  1.6902E+00 1.3296E-01  6.4068E-01 4.0520E-02
 3.4277E+00  1.6930E+00 1.3252E-01  6.4155E-01 4.0364E-02
 3.3884E+00  1.6957E+00 1.3206E-01  6.4236E-01 4.0206E-02
 3.3497E+00  1.6983E+00 1.3158E-01  6.4314E-01 4.0039E-02
 3.3113E+00  1.7008E+00 1.3108E-01  6.4388E-01 3.9868E-02
 3.2734E+00  1.7031E+00 1.3055E-01  6.4460E-01 3.9691E-02
 3.2359E+00  1.7057E+00 1.2994E-01  6.4538E-01 3.9488E-02
 3.1989E+00  1.7083E+00 1.2932E-01  6.4616E-01 3.9280E-02
 3.1623E+00  1.7108E+00 1.2872E-01  6.4692E-01 3.9078E-02
 3.1261E+00  1.7133E+00 1.2813E-01  6.4767E-01 3.8881E-02
 3.0903E+00  1.7156E+00 1.2758E-01  6.4836E-01 3.8699E-02
 3.0549E+00  1.7177E+00 1.2711E-01  6.4898E-01 3.8542E-02
 3.0200E+00  1.7197E+00 1.2665E-01  6.4959E-01 3.8388E-02
 2.9854E+00  1.7217E+00 1.2619E-01  6.5019E-01 3.8234E-02
 2.9512E+00  1.7236E+00 1.2573E-01  6.5078E-01 3.8083E-02
 2.9174E+00  1.7255E+00 1.2528E-01  6.5135E-01 3.7933E-02
 2.8840E+00  1.7274E+00 1.2484E-01  6.5191E-01 3.7785E-02
 2.8510E+00  1.7292E+00 1.2440E-01  6.5246E-01 3.7639E-02
 2.8184E+00  1.7310E+00 1.2396E-01  6.5299E-01 3.7496E-02
 2.7861E+00  1.7327E+00 1.2353E-01  6.5351E-01 3.7355E-02
 2.7542E+00  1.7344E+00 1.2311E-01  6.5402E-01 3.7216E-02
 2.7227E+00  1.7360E+00 1.2269E-01  6.5451E-01 3.7076E-02
 2.6915E+00  1.7376E+00 1.2227E-01  6.5499E-01 3.6939E-02
 2.6607E+00  1.7392E+00 1.2185E-01  6.5545E-01 3.6804E-02
 2.6303E+00  1.7407E+00 1.2145E-01  6.5590E-01 3.6671E-02
 2.6002E+00  1.7421E+00 1.2105E-01  6.5633E-01 3.6540E-02
 2.5704E+00  1.7435E+00 1.2065E-01  6.5674E-01 3.6412E-02
 2.5410E+00  1.7448E+00 1.2026E-01  6.5713E-01 3.6287E-02
 2.5119E+00  1.7460E+00 1.1988E-01  6.5751E-01 3.6164E-02
 2.4831E+00  1.7472E+00 1.1951E-01  6.5786E-01 3.6044E-02
 2.4547E+00  1.7483E+00 1.1916E-01  6.5817E-01 3.5931E-02
 2.4266E+00  1.7492E+00 1.1881E-01  6.5847E-01 3.5820E-02
 2.3988E+00  1.7504E+00 1.1847E-01  6.5883E-01 3.5710E-02
 2.3714E+00  1.7516E+00 1.1813E-01  6.5918E-01 3.5600E-02
 2.3442E+00  1.7527E+00 1.1779E-01  6.5952E-01 3.5491E-02
 2.3174E+00  1.7538E+00 1.1745E-01  6.5985E-01 3.5381E-02
 2.2909E+00  1.7549E+00 1.1711E-01  6.6017E-01 3.5272E-02
 2.2646E+00  1.7560E+00 1.1678E-01  6.6048E-01 3.5163E-02
 2.2387E+00  1.7569E+00 1.1643E-01  6.6075E-01 3.5055E-02
 2.2131E+00  1.7577E+00 1.1609E-01  6.6099E-01 3.4946E-02
 2.1878E+00  1.7583E+00 1.1576E-01  6.6119E-01 3.4841E-02
 2.1627E+00  1.7590E+00 1.1544E-01  6.6139E-01 3.4741E-02
 2.1380E+00  1.7596E+00 1.1512E-01  6.6158E-01 3.4643E-02
 2.1135E+00  1.7603E+00 1.1482E-01  6.6178E-01 3.4547E-02
 2.0893E+00  1.7610E+00 1.1451E-01  6.6200E-01 3.4451E-02
 2.0654E+00  1.7618E+00 1.1421E-01  6.6221E-01 3.4356E-02
 2.0417E+00  1.7624E+00 1.1391E-01  6.6241E-01 3.4262E-02
 2.0184E+00  1.7631E+00 1.1362E-01  6.6260E-01 3.4169E-02
 1.9953E+00  1.7637E+00 1.1333E-01  6.6279E-01 3.4077E-02
 1.9724E+00  1.7643E+00 1.1304E-01  6.6298E-01 3.3986E-02
 1.9498E+00  1.7650E+00 1.1275E-01  6.6316E-01 3.3897E-02
 1.9275E+00  1.7656E+00 1.1247E-01  6.6334E-01 3.3809E-02
 1.9055E+00  1.7661E+00 1.1219E-01  6.6352E-01 3.3722E-02
 1.8836E+00  1.7667E+00 1.1192E-01  6.6369E-01 3.3635E-02
 1.8621E+00  1.7673E+00 1.1165E-01  6.6386E-01 3.3551E-02
 1.8408E+00  1.7678E+00 1.1138E-01  6.6402E-01 3.3468E-02
 1.8197E+00  1.7683E+00 1.1113E-01  6.6417E-01 3.3388E-02
 1.7989E+00  1.7688E+00 1.1088E-01  6.6431E-01 3.3311E-02
 1.7783E+00  1.7693E+00 1.1064E-01  6.6445E-01 3.3235E-02
 1.7579E+00  1.7697E+00 1.1042E-01  6.6458E-01 3.3166E-02
 1.7378E+00  1.7701E+00 1.1021E-01  6.6470E-01 3.3101E-02
 1.7179E+00  1.7705E+00 1.1000E-01  6.6480E-01 3.3038E-02
 1.6982E+00  1.7708E+00 1.0981E-01  6.6490E-01 3.2978E-02
 1.6788E+00  1.7711E+00 1.0962E-01  6.6499E-01 3.2921E-02
 1.6596E+00  1.7714E+00 1.0945E-01  6.6507E-01 3.2866E-02
 1.6406E+00  1.7716E+00 1.0928E-01  6.6512E-01 3.2815E-02
 1.6218E+00  1.7717E+00 1.0912E-01  6.6517E-01 3.2764E-02
 1.6032E+00  1.7718E+00 1.0895E-01  6.6521E-01 3.2714E-02
 1.5849E+00  1.7720E+00 1.0879E-01  6.6524E-01 3.2665E-02
 1.5668E+00  1.7721E+00 1.0863E-01  6.6527E-01 3.2616E-02
 1.5488E+00  1.7722E+00 1.0847E-01  6.6530E-01 3.2567E-02
 1.5311E+00  1.7724E+00 1.0828E-01  6.6536E-01 3.2510E-02
 1.5136E+00  1.7726E+00 1.0810E-01  6.6542E-01 3.2453E-02
 1.4962E+00  1.7728E+00 1.0791E-01  6.6548E-01 3.2396E-02
 1.4791E+00  1.7730E+00 1.0772E-01  6.6553E-01 3.2339E-02
 1.4622E+00  1.7731E+00 1.0754E-01  6.6559E-01 3.2282E-02
 1.4454E+00  1.7732E+00 1.0736E-01  6.6562E-01 3.2229E-02
 1.4289E+00  1.7733E+00 1.0719E-01  6.6564E-01 3.2178E-02
 1.4125E+00  1.7734E+00 1.0703E-01  6.6566E-01 3.2128E-02
 1.3964E+00  1.7735E+00 1.0686E-01  6.6568E-01 3.2078E-02
 1.3804E+00  1.7735E+00 1.0670E-01  6.6570E-01 3.2029E-02
 1.3646E+00  1.7736E+00 1.0653E-01  6.6573E-01 3.1977E-02
 1.3490E+00  1.7738E+00 1.0636E-01  6.6577E-01 3.1926E-02
 1.3335E+00  1.7739E+00 1.0619E-01  6.6582E-01 3.1875E-02
 1.3183E+00  1.7741E+00 1.0603E-01  6.6586E-01 3.1824E-02
 1.3032E+00  1.7742E+00 1.0586E-01  6.6590E-01 3.1774E-02
 1.2882E+00  1.7743E+00 1.0570E-01  6.6594E-01 3.1725E-02
 1.2735E+00  1.7744E+00 1.0555E-01  6.6596E-01 3.1679E-02
 1.2589E+00  1.7745E+00 1.0541E-01  6.6599E-01 3.1636E-02
 1.2445E+00  1.7746E+00 1.0529E-01  6.6600E-01 3.1600E-02
 1.2303E+00  1.7746E+00 1.0520E-01  6.6600E-01 3.1573E-02
 1.2162E+00  1.7746E+00 1.0511E-01  6.6600E-01 3.1547E-02
 1.2023E+00  1.7746E+00 1.0503E-01  6.6600E-01 3.1521E-02
 1.1885E+00  1.7746E+00 1.0494E-01  6.6600E-01 3.1495E-02
 1.1749E+00  1.7746E+00 1.0486E-01  6.6600E-01 3.1469E-02
 1.1614E+00  1.7746E+00 1.0477E-01  6.6600E-01 3.1444E-02
 1.1482E+00  1.7746E+00 1.0469E-01  6.6600E-01 3.1419E-02
 1.1350E+00  1.7746E+00 1.0461E-01  6.6600E-01 3.1395E-02
 1.1220E+00  1.7746E+00 1.0453E-01  6.6600E-01 3.1370E-02
 1.1092E+00  1.7745E+00 1.0444E-01  6.6599E-01 3.1346E-02
 1.0965E+00  1.7745E+00 1.0436E-01  6.6599E-01 3.1322E-02
 1.0839E+00  1.7745E+00 1.0428E-01  6.6599E-01 3.1298E-02
 1.0715E+00  1.7745E+00 1.0420E-01  6.6598E-01 3.1274E-02
 1.0593E+00  1.7745E+00 1.0413E-01  6.6598E-01 3.1251E-02
 1.0471E+00  1.7745E+00 1.0405E-01  6.6598E-01 3.1228E-02
 1.0351E+00  1.7745E+00 1.0398E-01  6.6599E-01 3.1205E-02
 1.0233E+00  1.7745E+00 1.0390E-01  6.6599E-01 3.1183E-02
 1.0116E+00  1.7746E+00 1.0383E-01  6.6599E-01 3.1162E-02
 1.0000E+00  1.7746E+00 1.0376E-01  6.6600E-01 3.1140E-02
 9.8855E-01  1.7746E+00 1.0370E-01  6.6602E-01 3.1121E-02
 9.7724E-01  1.7747E+00 1.0364E-01  6.6604E-01 3.1102E-02
 9.6605E-01  1.7748E+00 1.0357E-01  6.6606E-01 3.1083E-02
 9.5499E-01  1.7749E+00 1.0351E-01  6.6608E-01 3.1065E-02
 9.4406E-01  1.7749E+00 1.0345E-01  6.6610E-01 3.1046E-02
 9.3325E-01  1.7750E+00 1.0339E-01  6.6612E-01 3.1028E-02
 9.2257E-01  1.7751E+00 1.0333E-01  6.6615E-01 3.1009E-02
 9.1201E-01  1.7752E+00 1.0327E-01  6.6617E-01 3.0991E-02
 9.0157E-01  1.7752E+00 1.0321E-01  6.6620E-01 3.0973E-02
 8.9125E-01  1.7753E+00 1.0315E-01  6.6620E-01 3.0954E-02
 8.8105E-01  1.7753E+00 1.0309E-01  6.6621E-01 3.0935E-02
 8.7096E-01  1.7753E+00 1.0303E-01  6.6622E-01 3.0916E-02
 8.6099E-01  1.7754E+00 1.0296E-01  6.6623E-01 3.0897E-02
 8.5114E-01  1.7754E+00 1.0290E-01  6.6625E-01 3.0877E-02
 8.4139E-01  1.7755E+00 1.0283E-01  6.6627E-01 3.0857E-02
 8.3176E-01  1.7756E+00 1.0277E-01  6.6629E-01 3.0838E-02
 8.2224E-01  1.7757E+00 1.0270E-01  6.6632E-01 3.0818E-02
 8.1283E-01  1.7758E+00 1.0264E-01  6.6635E-01 3.0798E-02
 8.0353E-01  1.7759E+00 1.0258E-01  6.6639E-01 3.0778E-02
 7.9433E-01  1.7760E+00 1.0251E-01  6.6643E-01 3.0758E-02
 7.8524E-01  1.7762E+00 1.0245E-01  6.6648E-01 3.0737E-02
 7.7625E-01  1.7764E+00 1.0238E-01  6.6654E-01 3.0717E-02
 7.6736E-01  1.7766E+00 1.0232E-01  6.6660E-01 3.0696E-02
 7.5858E-01  1.7769E+00 1.0225E-01  6.6667E-01 3.0675E-02
 7.4989E-01  1.7771E+00 1.0219E-01  6.6674E-01 3.0655E-02
 7.4131E-01  1.7774E+00 1.0212E-01  6.6682E-01 3.0634E-02
 7.3282E-01  1.7776E+00 1.0206E-01  6.6691E-01 3.0613E-02
 7.2444E-01  1.7779E+00 1.0199E-01  6.6700E-01 3.0592E-02
 7.1614E-01  1.7783E+00 1.0193E-01  6.6709E-01 3.0571E-02
 7.0795E-01  1.7786E+00 1.0187E-01  6.6720E-01 3.0550E-02
 6.9984E-01  1.7790E+00 1.0180E-01  6.6730E-01 3.0529E-02
 6.9183E-01  1.7793E+00 1.0174E-01  6.6740E-01 3.0509E-02
 6.8391E-01  1.7796E+00 1.0168E-01  6.6750E-01 3.0489E-02
 6.7608E-01  1.7800E+00 1.0162E-01  6.6760E-01 3.0469E-02
 6.6834E-01  1.7803E+00 1.0156E-01  6.6771E-01 3.0450E-02
 6.6069E-01  1.7807E+00 1.0151E-01  6.6783E-01 3.0431E-02
 6.5313E-01  1.7812E+00 1.0146E-01  6.6796E-01 3.0414E-02
 6.4565E-01  1.7816E+00 1.0142E-01  6.6810E-01 3.0399E-02
 6.3826E-01  1.7821E+00 1.0138E-01  6.6824E-01 3.0384E-02
 6.3096E-01  1.7826E+00 1.0134E-01  6.6840E-01 3.0370E-02
 6.2373E-01  1.7832E+00 1.0130E-01  6.6856E-01 3.0355E-02
 6.1659E-01  1.7837E+00 1.0126E-01  6.6872E-01 3.0341E-02
 6.0954E-01  1.7843E+00 1.0123E-01  6.6890E-01 3.0327E-02
 6.0256E-01  1.7849E+00 1.0119E-01  6.6908E-01 3.0313E-02
 5.9566E-01  1.7855E+00 1.0116E-01  6.6927E-01 3.0299E-02
 5.8884E-01  1.7862E+00 1.0112E-01  6.6946E-01 3.0286E-02
 5.8210E-01  1.7869E+00 1.0109E-01  6.6967E-01 3.0273E-02
 5.7544E-01  1.7876E+00 1.0106E-01  6.6988E-01 3.0259E-02
 5.6885E-01  1.7883E+00 1.0103E-01  6.7010E-01 3.0246E-02
 5.6234E-01  1.7891E+00 1.0100E-01  6.7033E-01 3.0234E-02
 5.5590E-01  1.7899E+00 1.0097E-01  6.7057E-01 3.0221E-02
 5.4954E-01  1.7907E+00 1.0095E-01  6.7082E-01 3.0209E-02
 5.4325E-01  1.7916E+00 1.0092E-01  6.7107E-01 3.0197E-02
 5.3703E-01  1.7925E+00 1.0090E-01  6.7134E-01 3.0185E-02
 5.3088E-01  1.7934E+00 1.0088E-01  6.7161E-01 3.0174E-02
 5.2481E-01  1.7943E+00 1.0086E-01  6.7190E-01 3.0162E-02
 5.1880E-01  1.7953E+00 1.0084E-01  6.7219E-01 3.0151E-02
 5.1286E-01  1.7963E+00 1.0082E-01  6.7250E-01 3.0140E-02
 5.0699E-01  1.7974E+00 1.0080E-01  6.7282E-01 3.0129E-02
 5.0119E-01  1.7985E+00 1.0078E-01  6.7315E-01 3.0118E-02
 4.9545E-01  1.7997E+00 1.0077E-01  6.7350E-01 3.0107E-02
 4.8978E-01  1.8009E+00 1.0076E-01  6.7385E-01 3.0097E-02
 4.8417E-01  1.8021E+00 1.0074E-01  6.7423E-01 3.0086E-02
 4.7863E-01  1.8035E+00 1.0073E-01  6.7463E-01 3.0074E-02
 4.7315E-01  1.8049E+00 1.0071E-01  6.7505E-01 3.0062E-02
 4.6774E-01  1.8063E+00 1.0069E-01  6.7548E-01 3.0049E-02
 4.6238E-01  1.8078E+00 1.0068E-01  6.7593E-01 3.0036E-02
 4.5709E-01  1.8094E+00 1.0066E-01  6.7640E-01 3.0024E-02
 4.5186E-01  1.8111E+00 1.0065E-01  6.7689E-01 3.0011E-02
 4.4668E-01  1.8128E+00 1.0064E-01  6.7740E-01 2.9998E-02
 4.4157E-01  1.8145E+00 1.0062E-01  6.7793E-01 2.9984E-02
 4.3652E-01  1.8163E+00 1.0062E-01  6.7844E-01 2.9974E-02
 4.3152E-01  1.8180E+00 1.0063E-01  6.7897E-01 2.9967E-02
 4.2658E-01  1.8200E+00 1.0064E-01  6.7954E-01 2.9960E-02
 4.2170E-01  1.8220E+00 1.0065E-01  6.8015E-01 2.9952E-02
 4.1687E-01  1.8241E+00 1.0065E-01  6.8078E-01 2.9941E-02
 4.1210E-01  1.8263E+00 1.0065E-01  6.8144E-01 2.9929E-02
 4.0738E-01  1.8287E+00 1.0064E-01  6.8213E-01 2.9916E-02
 4.0272E-01  1.8311E+00 1.0064E-01  6.8285E-01 2.9900E-02
 3.9811E-01  1.8336E+00 1.0062E-01  6.8361E-01 2.9883E-02
 3.9355E-01  1.8363E+00 1.0060E-01  6.8440E-01 2.9863E-02
 3.8905E-01  1.8391E+00 1.0058E-01  6.8523E-01 2.9841E-02
 3.8459E-01  1.8420E+00 1.0055E-01  6.8608E-01 2.9818E-02
 3.8019E-01  1.8449E+00 1.0052E-01  6.8694E-01 2.9793E-02
 3.7584E-01  1.8476E+00 1.0048E-01  6.8775E-01 2.9769E-02
 3.7154E-01  1.8505E+00 1.0046E-01  6.8861E-01 2.9745E-02
 3.6728E-01  1.8535E+00 1.0043E-01  6.8950E-01 2.9722E-02
 3.6308E-01  1.8568E+00 1.0042E-01  6.9046E-01 2.9702E-02
 3.5892E-01  1.8602E+00 1.0042E-01  6.9149E-01 2.9684E-02
 3.5481E-01  1.8639E+00 1.0042E-01  6.9255E-01 2.9665E-02
 3.5075E-01  1.8676E+00 1.0042E-01  6.9366E-01 2.9645E-02
 3.4674E-01  1.8715E+00 1.0042E-01  6.9480E-01 2.9625E-02
 3.4277E-01  1.8754E+00 1.0041E-01  6.9596E-01 2.9602E-02
 3.3884E-01  1.8794E+00 1.0038E-01  6.9713E-01 2.9575E-02
 3.3497E-01  1.8835E+00 1.0036E-01  6.9835E-01 2.9547E-02
 3.3113E-01  1.8878E+00 1.0034E-01  6.9961E-01 2.9518E-02
 3.2734E-01  1.8923E+00 1.0032E-01  7.0092E-01 2.9489E-02
 3.2359E-01  1.8970E+00 1.0031E-01  7.0232E-01 2.9462E-02
 3.1989E-01  1.9021E+00 1.0031E-01  7.0380E-01 2.9436E-02
 3.1623E-01  1.9073E+00 1.0030E-01  7.0532E-01 2.9409E-02
 3.1261E-01  1.9126E+00 1.0030E-01  7.0690E-01 2.9381E-02
 3.0903E-01  1.9182E+00 1.0030E-01  7.0853E-01 2.9352E-02
 3.0549E-01  1.9239E+00 1.0028E-01  7.1019E-01 2.9319E-02
 3.0200E-01  1.9298E+00 1.0026E-01  7.1191E-01 2.9284E-02
 2.9854E-01  1.9358E+00 1.0024E-01  7.1368E-01 2.9248E-02
 2.9512E-01  1.9421E+00 1.0022E-01  7.1551E-01 2.9210E-02
 2.9174E-01  1.9486E+00 1.0019E-01  7.1739E-01 2.9170E-02
 2.8840E-01  1.9554E+00 1.0019E-01  7.1938E-01 2.9135E-02
 2.8510E-01  1.9625E+00 1.0019E-01  7.2145E-01 2.9101E-02
 2.8184E-01  1.9704E+00 1.0021E-01  7.2374E-01 2.9067E-02
 2.7861E-01  1.9786E+00 1.0022E-01  7.2611E-01 2.9030E-02
 2.7542E-01  1.9871E+00 1.0022E-01  7.2857E-01 2.8989E-02
 2.7227E-01  1.9957E+00 1.0021E-01  7.3106E-01 2.8945E-02
 2.6915E-01  2.0047E+00 1.0020E-01  7.3363E-01 2.8898E-02
 2.6607E-01  2.0140E+00 1.0018E-01  7.3632E-01 2.8847E-02
 2.6303E-01  2.0237E+00 1.0015E-01  7.3913E-01 2.8793E-02
 2.6002E-01  2.0339E+00 1.0012E-01  7.4206E-01 2.8735E-02
 2.5704E-01  2.0448E+00 1.0008E-01  7.4516E-01 2.8673E-02
 2.5410E-01  2.0564E+00 1.0004E-01  7.4850E-01 2.8608E-02
 2.5119E-01  2.0688E+00 1.0000E-01  7.5202E-01 2.8539E-02
 2.4831E-01  2.0818E+00 9.9963E-02  7.5574E-01 2.8467E-02
 2.4547E-01  2.0956E+00 9.9926E-02  7.5967E-01 2.8393E-02
 2.4266E-01  2.1103E+00 9.9890E-02  7.6382E-01 2.8316E-02
 2.3988E-01  2.1257E+00 9.9854E-02  7.6819E-01 2.8236E-02
 2.3714E-01  2.1421E+00 9.9821E-02  7.7282E-01 2.8153E-02
 2.3442E-01  2.1599E+00 9.9824E-02  7.7784E-01 2.8074E-02
 2.3174E-01  2.1793E+00 9.9843E-02  7.8328E-01 2.7994E-02
 2.2909E-01  2.2010E+00 9.9399E-02  7.8935E-01 2.7775E-02
 2.2646E-01  2.2257E+00 9.9403E-02  7.9623E-01 2.7670E-02
 2.2387E-01  2.2535E+00 1.0268E-01  8.0397E-01 2.8460E-02
 2.2131E-01  2.2842E+00 1.1035E-01  8.1250E-01 3.0440E-02
 2.1878E-01  2.3154E+00 1.2233E-01  8.2112E-01 3.3587E-02
 2.1627E-01  2.3428E+00 1.4097E-01  8.2873E-01 3.8544E-02
 2.1380E-01  2.3669E+00 1.5978E-01  8.3542E-01 4.3526E-02
 2.1135E-01  2.3900E+00 1.7120E-01  8.4179E-01 4.6477E-02
 2.0893E-01  2.4166E+00 1.8647E-01  8.4909E-01 5.0423E-02
 2.0654E-01  2.4456E+00 2.0529E-01  8.5705E-01 5.5272E-02
 2.0417E-01  2.4740E+00 2.2565E-01  8.6486E-01 6.0502E-02
 2.0184E-01  2.5018E+00 2.4764E-01  8.7249E-01 6.6125E-02
 1.9953E-01  2.5288E+00 2.7143E-01  8.7989E-01 7.2193E-02
 1.9724E-01  2.5543E+00 2.9721E-01  8.8692E-01 7.8755E-02
 1.9498E-01  2.5793E+00 3.2432E-01  8.9383E-01 8.5625E-02
 1.9275E-01  2.6037E+00 3.5279E-01  9.0060E-01 9.2811E-02
 1.9055E-01  2.6274E+00 3.8267E-01  9.0723E-01 1.0032E-01
 1.8836E-01  2.6508E+00 4.1377E-01  9.1377E-01 1.0810E-01
 1.8621E-01  2.6739E+00 4.4596E-01  9.2025E-01 1.1612E-01
 1.8408E-01  2.6965E+00 4.7929E-01  9.2666E-01 1.2438E-01
 1.8197E-01  2.7188E+00 5.1380E-01  9.3299E-01 1.3290E-01
 1.7989E-01  2.7406E+00 5.4951E-01  9.3924E-01 1.4168E-01
 1.7783E-01  2.7619E+00 5.8619E-01  9.4541E-01 1.5066E-01
 1.7579E-01  2.7829E+00 6.2409E-01  9.5153E-01 1.5990E-01
 1.7378E-01  2.8035E+00 6.6324E-01  9.5760E-01 1.6940E-01
 1.7179E-01  2.8236E+00 7.0367E-01  9.6360E-01 1.7918E-01
 1.6982E-01  2.8434E+00 7.4544E-01  9.6957E-01 1.8924E-01
 1.6788E-01  2.8637E+00 7.8900E-01  9.7575E-01 1.9967E-01
 1.6596E-01  2.8840E+00 8.3425E-01  9.8198E-01 2.1046E-01
 1.6406E-01  2.9043E+00 8.8208E-01  9.8834E-01 2.2181E-01
 1.6218E-01  2.9241E+00 9.3235E-01  9.9468E-01 2.3371E-01
 1.6032E-01  2.9431E+00 9.8475E-01  1.0009E+00 2.4607E-01
 1.5849E-01  2.9591E+00 1.0398E+00  1.0066E+00 2.5911E-01
 1.5668E-01  2.9752E+00 1.0961E+00  1.0123E+00 2.7236E-01
 1.5488E-01  2.9920E+00 1.1532E+00  1.0183E+00 2.8569E-01
 1.5311E-01  3.0103E+00 1.2081E+00  1.0247E+00 2.9835E-01
 1.5136E-01  3.0314E+00 1.2657E+00  1.0319E+00 3.1147E-01
 1.4962E-01  3.0554E+00 1.3262E+00  1.0399E+00 3.2506E-01
 1.4791E-01  3.0860E+00 1.3972E+00  1.0499E+00 3.4080E-01
 1.4622E-01  3.1236E+00 1.4814E+00  1.0622E+00 3.5918E-01
 1.4454E-01  3.1570E+00 1.5849E+00  1.0744E+00 3.8203E-01
 1.4289E-01  3.1764E+00 1.7045E+00  1.0841E+00 4.0892E-01
 1.4125E-01  3.1823E+00 1.8385E+00  1.0918E+00 4.3947E-01
 1.3964E-01  3.1655E+00 1.9810E+00  1.0950E+00 4.7280E-01
 1.3804E-01  3.1238E+00 2.1202E+00  1.0929E+00 5.0651E-01
 1.3646E-01  3.0675E+00 2.2548E+00  1.0878E+00 5.3999E-01
 1.3490E-01  3.0069E+00 2.3851E+00  1.0821E+00 5.7276E-01
 1.3335E-01  2.9310E+00 2.5132E+00  1.0732E+00 6.0611E-01
 1.3183E-01  2.8270E+00 2.6467E+00  1.0591E+00 6.4266E-01
 1.3032E-01  2.7037E+00 2.7615E+00  1.0400E+00 6.7682E-01
 1.2882E-01  2.5685E+00 2.8375E+00  1.0159E+00 7.0379E-01
 1.2735E-01  2.4332E+00 2.8982E+00  9.9074E-01 7.2791E-01
 1.2589E-01  2.3040E+00 2.9512E+00  9.6648E-01 7.5036E-01
 1.2445E-01  2.1730E+00 2.9840E+00  9.4019E-01 7.6899E-01
 1.2303E-01  2.0435E+00 2.9985E+00  9.1259E-01 7.8388E-01
 1.2162E-01  1.9241E+00 3.0040E+00  8.8630E-01 7.9628E-01
 1.2023E-01  1.8234E+00 3.0041E+00  8.6360E-01 8.0601E-01
 1.1885E-01  1.7316E+00 3.0022E+00  8.4262E-01 8.1466E-01
 1.1749E-01  1.6465E+00 3.0000E+00  8.2304E-01 8.2280E-01
 1.1614E-01  1.5627E+00 3.0000E+00  8.0393E-01 8.3151E-01
 1.1482E-01  1.4818E+00 3.0002E+00  7.8541E-01 8.4020E-01
 1.1350E-01  1.4031E+00 3.0001E+00  7.6735E-01 8.4877E-01
 1.1220E-01  1.3255E+00 3.0001E+00  7.4947E-01 8.5742E-01
 1.1092E-01  1.2489E+00 3.0000E+00  7.3179E-01 8.6615E-01
 1.0965E-01  1.1722E+00 2.9998E+00  7.1406E-01 8.7507E-01
 1.0839E-01  1.0955E+00 2.9999E+00  6.9629E-01 8.8424E-01
 1.0715E-01  1.0191E+00 3.0008E+00  6.7869E-01 8.9380E-01
 1.0593E-01  9.4078E-01 3.0018E+00  6.6062E-01 9.0382E-01
 1.0471E-01  8.5796E-01 3.0016E+00  6.4136E-01 9.1438E-01
 1.0351E-01  7.6718E-01 2.9974E+00  6.1968E-01 9.2531E-01
 1.0233E-01  6.7379E-01 2.9872E+00  5.9656E-01 9.3553E-01
 1.0116E-01  5.8250E-01 2.9676E+00  5.7253E-01 9.4358E-01
 1.0000E-01  4.9256E-01 2.9412E+00  5.4771E-01 9.5018E-01
 9.8855E-02  4.0485E-01 2.9096E+00  5.2247E-01 9.5554E-01
 9.7724E-02  3.1965E-01 2.8724E+00  4.9677E-01 9.5952E-01
 9.6605E-02  2.3736E-01 2.8297E+00  4.7068E-01 9.6205E-01
 9.5499E-02  1.5840E-01 2.7819E+00  4.4427E-01 9.6308E-01
 9.4406E-02  8.3022E-02 2.7305E+00  4.1782E-01 9.6291E-01
 9.3325E-02  1.1806E-02 2.6720E+00  3.9085E-01 9.6055E-01
 9.2257E-02 -6.0484E-02 2.6009E+00  3.6106E-01 9.5549E-01
 9.1201E-02 -1.1637E-01 2.5236E+00  3.3370E-01 9.4610E-01
 9.0157E-02 -1.3068E-01 2.4262E+00  3.1273E-01 9.2409E-01
 8.9125E-02 -1.4407E-01 2.3473E+00  2.9506E-01 9.0623E-01
 8.8105E-02 -1.4787E-01 2.3194E+00  2.8901E-01 8.9968E-01
 8.7096E-02 -1.4573E-01 2.3328E+00  2.9200E-01 9.0278E-01
 8.6099E-02 -1.5218E-01 2.3415E+00  2.9191E-01 9.0621E-01
 8.5114E-02 -1.6754E-01 2.3453E+00  2.8863E-01 9.1000E-01
 8.4139E-02 -1.9204E-01 2.3440E+00  2.8204E-01 9.1415E-01
 8.3176E-02 -2.2589E-01 2.3372E+00  2.7204E-01 9.1867E-01
 8.2224E-02 -2.7908E-01 2.3189E+00  2.5484E-01 9.2396E-01
 8.1283E-02 -3.4839E-01 2.2873E+00  2.3084E-01 9.2917E-01
 8.0353E-02 -4.1983E-01 2.2492E+00  2.0478E-01 9.3345E-01
 7.9433E-02 -4.9314E-01 2.2044E+00  1.7660E-01 9.3677E-01
 7.8524E-02 -5.6804E-01 2.1529E+00  1.4624E-01 9.3910E-01
 7.7625E-02 -6.4419E-01 2.0945E+00  1.1362E-01 9.4040E-01
 7.6736E-02 -6.9833E-01 2.0349E+00  8.5996E-02 9.3686E-01
 7.5858E-02 -7.4407E-01 1.9737E+00  5.9748E-02 9.3120E-01
 7.4989E-02 -7.8505E-01 1.9104E+00  3.3790E-02 9.2400E-01
 7.4131E-02 -8.2124E-01 1.8453E+00  8.1384E-03 9.1520E-01
 7.3282E-02 -8.5266E-01 1.7784E+00 -1.7188E-02 9.0475E-01
 7.2444E-02 -8.8180E-01 1.7123E+00 -4.2256E-02 8.9391E-01
 7.1614E-02 -9.0921E-01 1.6468E+00 -6.7238E-02 8.8275E-01
 7.0795E-02 -9.3340E-01 1.5805E+00 -9.2119E-02 8.7043E-01
 6.9984E-02 -9.5441E-01 1.5135E+00 -1.1689E-01 8.5691E-01
 6.9183E-02 -9.7227E-01 1.4459E+00 -1.4154E-01 8.4216E-01
 6.8391E-02 -9.8917E-01 1.3778E+00 -1.6674E-01 8.2674E-01
 6.7608E-02 -1.0030E+00 1.3085E+00 -1.9205E-01 8.0978E-01
 6.6834E-02 -1.0121E+00 1.2383E+00 -2.1699E-01 7.9070E-01
 6.6069E-02 -1.0168E+00 1.1672E+00 -2.4152E-01 7.6944E-01
 6.5313E-02 -1.0171E+00 1.0955E+00 -2.6565E-01 7.4592E-01
 6.4565E-02 -1.0135E+00 1.0169E+00 -2.9169E-01 7.1780E-01
 6.3826E-02 -1.0025E+00 9.4058E-01 -3.1513E-01 6.8669E-01
 6.3096E-02 -9.8452E-01 8.6725E-01 -3.3559E-01 6.5265E-01
 6.2373E-02 -9.6030E-01 7.9665E-01 -3.5295E-01 6.1560E-01
 6.1659E-02 -9.2241E-01 7.2710E-01 -3.6407E-01 5.7168E-01
 6.0954E-02 -8.7391E-01 6.6306E-01 -3.6713E-01 5.2386E-01
 6.0256E-02 -8.2505E-01 6.0678E-01 -3.6500E-01 4.7778E-01
 5.9566E-02 -7.7511E-01 5.5709E-01 -3.5748E-01 4.3352E-01
 5.8884E-02 -7.2412E-01 5.1897E-01 -3.4288E-01 3.9488E-01
 5.8210E-02 -6.7670E-01 5.0611E-01 -3.2035E-01 3.7233E-01
 5.7544E-02 -6.3115E-01 4.9856E-01 -2.9679E-01 3.5448E-01
 5.6885E-02 -5.8690E-01 4.9713E-01 -2.7217E-01 3.4152E-01
 5.6234E-02 -5.4638E-01 5.0000E-01 -2.4876E-01 3.3279E-01
 5.5590E-02 -5.2095E-01 4.9416E-01 -2.3603E-01 3.2341E-01
 5.4954E-02 -4.9961E-01 4.8854E-01 -2.2550E-01 3.1539E-01
 5.4325E-02 -4.8261E-01 4.8336E-01 -2.1724E-01 3.0875E-01
 5.3703E-02 -4.6822E-01 4.7844E-01 -2.1035E-01 3.0294E-01
 5.3088E-02 -4.5221E-01 4.7294E-01 -2.0266E-01 2.9657E-01
 5.2481E-02 -4.3741E-01 4.6742E-01 -1.9563E-01 2.9055E-01
 5.1880E-02 -4.2388E-01 4.6194E-01 -1.8927E-01 2.8489E-01
 5.1286E-02 -4.1141E-01 4.5645E-01 -1.8347E-01 2.7951E-01
 5.0699E-02 -3.9968E-01 4.5089E-01 -1.7808E-01 2.7429E-01
 5.0119E-02 -3.8880E-01 4.4533E-01 -1.7313E-01 2.6929E-01
 4.9545E-02 -3.7878E-01 4.3979E-01 -1.6863E-01 2.6450E-01
 4.8978E-02 -3.6931E-01 4.3421E-01 -1.6441E-01 2.5982E-01
 4.8417E-02 -3.6041E-01 4.2862E-01 -1.6050E-01 2.5528E-01
 4.7863E-02 -3.5211E-01 4.2304E-01 -1.5689E-01 2.5088E-01
 4.7315E-02 -3.4433E-01 4.1748E-01 -1.5355E-01 2.4661E-01
 4.6773E-02 -3.3694E-01 4.1191E-01 -1.5040E-01 2.4241E-01
 4.6238E-02 -3.2996E-01 4.0634E-01 -1.4746E-01 2.3831E-01
 4.5709E-02 -3.2338E-01 4.0077E-01 -1.4471E-01 2.3429E-01
 4.5186E-02 -3.1706E-01 3.9517E-01 -1.4211E-01 2.3032E-01
 4.4668E-02 -3.1107E-01 3.8959E-01 -1.3965E-01 2.2641E-01
 4.4157E-02 -3.0540E-01 3.8402E-01 -1.3736E-01 2.2259E-01
 4.3652E-02 -3.0002E-01 3.7850E-01 -1.3520E-01 2.1884E-01
 4.3152E-02 -2.9488E-01 3.7298E-01 -1.3316E-01 2.1514E-01
 4.2658E-02 -2.8997E-01 3.6748E-01 -1.3123E-01 2.1149E-01
 4.2170E-02 -2.8523E-01 3.6194E-01 -1.2938E-01 2.0786E-01
 4.1687E-02 -2.8063E-01 3.5641E-01 -1.2759E-01 2.0427E-01
 4.1210E-02 -2.7625E-01 3.5092E-01 -1.2590E-01 2.0073E-01
 4.0738E-02 -2.7213E-01 3.4547E-01 -1.2434E-01 1.9726E-01
 4.0272E-02 -2.6811E-01 3.4004E-01 -1.2281E-01 1.9382E-01
 3.9811E-02 -2.6419E-01 3.3462E-01 -1.2133E-01 1.9041E-01
 3.9355E-02 -2.6038E-01 3.2922E-01 -1.1988E-01 1.8703E-01
 3.8905E-02 -2.5668E-01 3.2384E-01 -1.1849E-01 1.8369E-01
 3.8459E-02 -2.5311E-01 3.1849E-01 -1.1715E-01 1.8037E-01
 3.8019E-02 -2.4963E-01 3.1316E-01 -1.1585E-01 1.7709E-01
 3.7584E-02 -2.4624E-01 3.0785E-01 -1.1457E-01 1.7385E-01
 3.7154E-02 -2.4294E-01 3.0259E-01 -1.1334E-01 1.7063E-01
 3.6728E-02 -2.3973E-01 2.9736E-01 -1.1213E-01 1.6746E-01
 3.6308E-02 -2.3660E-01 2.9218E-01 -1.1095E-01 1.6432E-01
 3.5892E-02 -2.3350E-01 2.8706E-01 -1.0978E-01 1.6123E-01
 3.5481E-02 -2.3045E-01 2.8197E-01 -1.0862E-01 1.5817E-01
 3.5075E-02 -2.2747E-01 2.7692E-01 -1.0748E-01 1.5514E-01
 3.4674E-02 -2.2454E-01 2.7192E-01 -1.0635E-01 1.5214E-01
 3.4277E-02 -2.2166E-01 2.6695E-01 -1.0524E-01 1.4918E-01
 3.3884E-02 -2.1883E-01 2.6201E-01 -1.0414E-01 1.4624E-01
 3.3497E-02 -2.1603E-01 2.5711E-01 -1.0305E-01 1.4332E-01
 3.3113E-02 -2.1327E-01 2.5225E-01 -1.0197E-01 1.4044E-01
 3.2734E-02 -2.1056E-01 2.4743E-01 -1.0090E-01 1.3760E-01
 3.2359E-02 -2.0788E-01 2.4267E-01 -9.9841E-02 1.3479E-01
 3.1989E-02 -2.0524E-01 2.3796E-01 -9.8783E-02 1.3202E-01
 3.1623E-02 -2.0261E-01 2.3329E-01 -9.7725E-02 1.2928E-01
 3.1261E-02 -2.0001E-01 2.2868E-01 -9.6669E-02 1.2658E-01
 3.0903E-02 -1.9743E-01 2.2412E-01 -9.5610E-02 1.2390E-01
 3.0549E-02 -1.9484E-01 2.1960E-01 -9.4535E-02 1.2126E-01
 3.0200E-02 -1.9226E-01 2.1513E-01 -9.3458E-02 1.1865E-01
 2.9854E-02 -1.8970E-01 2.1071E-01 -9.2377E-02 1.1608E-01
 2.9512E-02 -1.8715E-01 2.0635E-01 -9.1295E-02 1.1354E-01
 2.9174E-02 -1.8463E-01 2.0204E-01 -9.0221E-02 1.1104E-01
 2.8840E-02 -1.8213E-01 1.9778E-01 -8.9144E-02 1.0857E-01
 2.8510E-02 -1.7964E-01 1.9358E-01 -8.8063E-02 1.0613E-01
 2.8184E-02 -1.7715E-01 1.8944E-01 -8.6979E-02 1.0374E-01
 2.7861E-02 -1.7467E-01 1.8538E-01 -8.5882E-02 1.0140E-01
 2.7542E-02 -1.7218E-01 1.8137E-01 -8.4777E-02 9.9086E-02
 2.7227E-02 -1.6970E-01 1.7742E-01 -8.3664E-02 9.6810E-02
 2.6915E-02 -1.6722E-01 1.7352E-01 -8.2544E-02 9.4567E-02
 2.6607E-02 -1.6474E-01 1.6964E-01 -8.1421E-02 9.2341E-02
 2.6303E-02 -1.6225E-01 1.6582E-01 -8.0285E-02 9.0147E-02
 2.6002E-02 -1.5975E-01 1.6205E-01 -7.9136E-02 8.7986E-02
 2.5704E-02 -1.5724E-01 1.5834E-01 -7.7973E-02 8.5867E-02
 2.5410E-02 -1.5470E-01 1.5471E-01 -7.6789E-02 8.3790E-02
 2.5119E-02 -1.5213E-01 1.5114E-01 -7.5581E-02 8.1747E-02
 2.4831E-02 -1.4953E-01 1.4762E-01 -7.4350E-02 7.9740E-02
 2.4547E-02 -1.4689E-01 1.4416E-01 -7.3094E-02 7.7765E-02
 2.4266E-02 -1.4421E-01 1.4076E-01 -7.1808E-02 7.5825E-02
 2.3988E-02 -1.4148E-01 1.3742E-01 -7.0494E-02 7.3922E-02
 2.3714E-02 -1.3871E-01 1.3415E-01 -6.9150E-02 7.2059E-02
 2.3442E-02 -1.3569E-01 1.3090E-01 -6.7669E-02 7.0199E-02
 2.3174E-02 -1.3181E-01 1.2771E-01 -6.5732E-02 6.8345E-02
 2.2909E-02 -1.2813E-01 1.2889E-01 -6.3729E-02 6.8833E-02
 2.2646E-02 -1.2719E-01 1.2608E-01 -6.3336E-02 6.7304E-02
 2.2387E-02 -1.2564E-01 1.2341E-01 -6.2614E-02 6.5825E-02
 2.2131E-02 -1.2373E-01 1.2082E-01 -6.1695E-02 6.4380E-02
 2.1878E-02 -1.2169E-01 1.1830E-01 -6.0704E-02 6.2975E-02
 2.1627E-02 -1.1964E-01 1.1584E-01 -5.9703E-02 6.1595E-02
 2.1380E-02 -1.1769E-01 1.1341E-01 -5.8757E-02 6.0244E-02
 2.1135E-02 -1.1569E-01 1.1103E-01 -5.7777E-02 5.8917E-02
 2.0893E-02 -1.1356E-01 1.0869E-01 -5.6729E-02 5.7614E-02
 2.0654E-02 -1.1130E-01 1.0641E-01 -5.5610E-02 5.6336E-02
 2.0417E-02 -1.0890E-01 1.0417E-01 -5.4416E-02 5.5084E-02
 2.0184E-02 -1.0637E-01 1.0199E-01 -5.3145E-02 5.3859E-02
 1.9953E-02 -1.0368E-01 9.9871E-02 -5.1797E-02 5.2663E-02
 1.9724E-02 -1.0085E-01 9.7807E-02 -5.0368E-02 5.1498E-02
 1.9498E-02 -9.7862E-02 9.5805E-02 -4.8856E-02 5.0363E-02
 1.9275E-02 -9.4711E-02 9.3868E-02 -4.7259E-02 4.9262E-02
 1.9055E-02 -9.1588E-02 9.2000E-02 -4.5675E-02 4.8202E-02
 1.8836E-02 -9.2699E-02 9.8401E-02 -4.6081E-02 5.1577E-02
 1.8621E-02 -9.3055E-02 9.6158E-02 -4.6330E-02 5.0415E-02
 1.8408E-02 -9.2623E-02 9.3976E-02 -4.6164E-02 4.9262E-02
 1.8197E-02 -9.2086E-02 9.1840E-02 -4.5940E-02 4.8131E-02
 1.7989E-02 -9.1441E-02 8.9753E-02 -4.5657E-02 4.7023E-02
 1.7783E-02 -9.0684E-02 8.7716E-02 -4.5314E-02 4.5940E-02
 1.7579E-02 -8.9687E-02 8.5762E-02 -4.4841E-02 4.4894E-02
 1.7378E-02 -8.8566E-02 8.3865E-02 -4.4302E-02 4.3876E-02
 1.7179E-02 -8.7400E-02 8.2007E-02 -4.3737E-02 4.2879E-02
 1.6982E-02 -8.6188E-02 8.0190E-02 -4.3147E-02 4.1903E-02
 1.6788E-02 -8.4928E-02 7.8416E-02 -4.2530E-02 4.0950E-02
 1.6596E-02 -8.3617E-02 7.6687E-02 -4.1885E-02 4.0020E-02
 1.6406E-02 -8.2344E-02 7.5000E-02 -4.1258E-02 3.9114E-02
 1.6218E-02 -8.1104E-02 7.3343E-02 -4.0648E-02 3.8226E-02
 1.6032E-02 -7.9861E-02 7.1719E-02 -4.0034E-02 3.7355E-02
 1.5849E-02 -7.8613E-02 7.0127E-02 -3.9417E-02 3.6502E-02
 1.5668E-02 -7.7363E-02 6.8570E-02 -3.8798E-02 3.5669E-02
 1.5488E-02 -7.6111E-02 6.7049E-02 -3.8177E-02 3.4855E-02
 1.5311E-02 -7.4884E-02 6.5544E-02 -3.7568E-02 3.4051E-02
 1.5136E-02 -7.3650E-02 6.4063E-02 -3.6955E-02 3.3261E-02
 1.4962E-02 -7.2407E-02 6.2607E-02 -3.6336E-02 3.2484E-02
 1.4791E-02 -7.1155E-02 6.1178E-02 -3.5712E-02 3.1722E-02
 1.4622E-02 -6.9895E-02 5.9777E-02 -3.5083E-02 3.0975E-02
 1.4454E-02 -6.8620E-02 5.8392E-02 -3.4446E-02 3.0238E-02
 1.4289E-02 -6.7316E-02 5.7029E-02 -3.3793E-02 2.9512E-02
 1.4125E-02 -6.5981E-02 5.5691E-02 -3.3124E-02 2.8800E-02
 1.3964E-02 -6.4614E-02 5.4380E-02 -3.2438E-02 2.8101E-02
 1.3804E-02 -6.3215E-02 5.3096E-02 -3.1735E-02 2.7418E-02
 1.3646E-02 -6.1432E-02 5.1820E-02 -3.0834E-02 2.6734E-02
 1.3490E-02 -5.9394E-02 5.0560E-02 -2.9802E-02 2.6057E-02
 1.3335E-02 -5.8112E-02 5.1953E-02 -2.9122E-02 2.6756E-02
 1.3183E-02 -5.8057E-02 5.0700E-02 -2.9111E-02 2.6110E-02
 1.3032E-02 -5.7247E-02 4.9471E-02 -2.8711E-02 2.5467E-02
 1.2882E-02 -5.5626E-02 4.8260E-02 -2.7894E-02 2.4822E-02
 1.2735E-02 -5.5035E-02 4.9162E-02 -2.7578E-02 2.5278E-02
 1.2589E-02 -5.4797E-02 4.7947E-02 -2.7472E-02 2.4650E-02
 1.2445E-02 -5.4446E-02 4.6749E-02 -2.7307E-02 2.4031E-02
 1.2303E-02 -5.3961E-02 4.5576E-02 -2.7073E-02 2.3422E-02
 1.2162E-02 -5.3351E-02 4.4424E-02 -2.6773E-02 2.2823E-02
 1.2023E-02 -5.2621E-02 4.3290E-02 -2.6412E-02 2.2232E-02
 1.1885E-02 -5.1768E-02 4.2175E-02 -2.5987E-02 2.1650E-02
 1.1749E-02 -5.0786E-02 4.1081E-02 -2.5496E-02 2.1078E-02
 1.1614E-02 -4.9671E-02 4.0008E-02 -2.4936E-02 2.0515E-02
 1.1482E-02 -4.8419E-02 3.8956E-02 -2.4306E-02 1.9963E-02
 1.1350E-02 -4.7025E-02 3.7927E-02 -2.3602E-02 1.9422E-02
 1.1220E-02 -4.5491E-02 3.6920E-02 -2.2828E-02 1.8891E-02
 1.1092E-02 -4.3817E-02 3.5934E-02 -2.1981E-02 1.8371E-02
 1.0965E-02 -4.1986E-02 3.4973E-02 -2.1055E-02 1.7862E-02
 1.0839E-02 -3.8672E-02 3.4027E-02 -1.9373E-02 1.7350E-02
 1.0715E-02 -3.4883E-02 3.3100E-02 -1.7452E-02 1.6844E-02
 1.0593E-02 -3.4661E-02 4.2402E-02 -1.7247E-02 2.1573E-02
 1.0471E-02 -3.9413E-02 4.1312E-02 -1.9678E-02 2.1070E-02
 1.0351E-02 -4.0356E-02 4.0245E-02 -2.0171E-02 2.0536E-02
 1.0233E-02 -4.0564E-02 3.9204E-02 -2.0287E-02 2.0008E-02
 1.0116E-02 -4.0611E-02 3.8180E-02 -2.0322E-02 1.9486E-02
 1.0000E-02 -4.0610E-02 3.7171E-02 -2.0332E-02 1.8971E-02
 9.8855E-03 -4.0559E-02 3.6179E-02 -2.0315E-02 1.8465E-02
 9.7724E-03 -4.0457E-02 3.5203E-02 -2.0273E-02 1.7966E-02
 9.6605E-03 -4.0302E-02 3.4246E-02 -2.0202E-02 1.7476E-02
 9.5499E-03 -4.0091E-02 3.3307E-02 -2.0103E-02 1.6995E-02
 9.4406E-03 -3.9778E-02 3.2394E-02 -1.9951E-02 1.6527E-02
 9.3325E-03 -3.9423E-02 3.1501E-02 -1.9778E-02 1.6068E-02
 9.2257E-03 -3.9034E-02 3.0625E-02 -1.9587E-02 1.5618E-02
 9.1201E-03 -3.8608E-02 2.9768E-02 -1.9376E-02 1.5178E-02
 9.0157E-03 -3.8144E-02 2.8930E-02 -1.9147E-02 1.4747E-02
 8.9125E-03 -3.7642E-02 2.8113E-02 -1.8897E-02 1.4327E-02
 8.8105E-03 -3.7133E-02 2.7316E-02 -1.8644E-02 1.3918E-02
 8.7096E-03 -3.6647E-02 2.6535E-02 -1.8401E-02 1.3516E-02
 8.6099E-03 -3.6148E-02 2.5771E-02 -1.8153E-02 1.3124E-02
 8.5114E-03 -3.5638E-02 2.5025E-02 -1.7898E-02 1.2740E-02
 8.4139E-03 -3.5115E-02 2.4298E-02 -1.7637E-02 1.2367E-02
 8.3176E-03 -3.4580E-02 2.3590E-02 -1.7369E-02 1.2004E-02
 8.2224E-03 -3.4041E-02 2.2901E-02 -1.7099E-02 1.1650E-02
 8.1283E-03 -3.3501E-02 2.2226E-02 -1.6828E-02 1.1303E-02
 8.0353E-03 -3.2948E-02 2.1570E-02 -1.6551E-02 1.0967E-02
 7.9433E-03 -3.2381E-02 2.0933E-02 -1.6266E-02 1.0639E-02
 7.8524E-03 -3.1801E-02 2.0315E-02 -1.5975E-02 1.0323E-02
 7.7625E-03 -3.1206E-02 1.9718E-02 -1.5676E-02 1.0016E-02
 7.6736E-03 -3.0553E-02 1.9128E-02 -1.5347E-02 9.7129E-03
 7.5858E-03 -2.9860E-02 1.8551E-02 -1.4998E-02 9.4166E-03
 7.4989E-03 -2.9133E-02 1.7991E-02 -1.4632E-02 9.1291E-03
 7.4131E-03 -2.7969E-02 1.7450E-02 -1.4044E-02 8.8493E-03
 7.3282E-03 -2.7658E-02 1.8497E-02 -1.3882E-02 9.3788E-03
 7.2444E-03 -2.7858E-02 1.7946E-02 -1.3985E-02 9.1003E-03
 7.1614E-03 -2.7653E-02 1.7403E-02 -1.3884E-02 8.8241E-03
 7.0795E-03 -2.7382E-02 1.6877E-02 -1.3749E-02 8.5559E-03
 6.9984E-03 -2.7033E-02 1.6370E-02 -1.3574E-02 8.2978E-03
 6.9183E-03 -2.6669E-02 1.5876E-02 -1.3392E-02 8.0456E-03
 6.8391E-03 -2.6282E-02 1.5394E-02 -1.3198E-02 7.7999E-03
 6.7608E-03 -2.5886E-02 1.4924E-02 -1.2999E-02 7.5602E-03
 6.6834E-03 -2.5488E-02 1.4465E-02 -1.2799E-02 7.3263E-03
 6.6069E-03 -2.5088E-02 1.4018E-02 -1.2598E-02 7.0985E-03
 6.5313E-03 -2.4685E-02 1.3583E-02 -1.2396E-02 6.8769E-03
 6.4565E-03 -2.4281E-02 1.3169E-02 -1.2192E-02 6.6656E-03
 6.3826E-03 -2.3877E-02 1.2763E-02 -1.1990E-02 6.4591E-03
 6.3096E-03 -2.3476E-02 1.2367E-02 -1.1788E-02 6.2574E-03
 6.2373E-03 -2.3076E-02 1.1981E-02 -1.1587E-02 6.0607E-03
 6.1659E-03 -2.2678E-02 1.1611E-02 -1.1387E-02 5.8723E-03
 6.0954E-03 -2.2284E-02 1.1255E-02 -1.1188E-02 5.6914E-03
 6.0256E-03 -2.1891E-02 1.0907E-02 -1.0991E-02 5.5141E-03
 5.9566E-03 -2.1502E-02 1.0566E-02 -1.0795E-02 5.3406E-03
 5.8884E-03 -2.1115E-02 1.0232E-02 -1.0600E-02 5.1710E-03
 5.8210E-03 -2.0731E-02 9.9068E-03 -1.0407E-02 5.0055E-03
 5.7544E-03 -2.0351E-02 9.5897E-03 -1.0216E-02 4.8443E-03
 5.6885E-03 -1.9974E-02 9.2813E-03 -1.0026E-02 4.6877E-03
 5.6234E-03 -1.9602E-02 8.9832E-03 -9.8389E-03 4.5362E-03
 5.5590E-03 -1.9234E-02 8.6975E-03 -9.6538E-03 4.3911E-03
 5.4954E-03 -1.8870E-02 8.4191E-03 -9.4706E-03 4.2498E-03
 5.4325E-03 -1.8510E-02 8.1485E-03 -9.2895E-03 4.1124E-03
 5.3703E-03 -1.8154E-02 7.8859E-03 -9.1105E-03 3.9792E-03
 5.3088E-03 -1.7803E-02 7.6317E-03 -8.9338E-03 3.8502E-03
 5.2481E-03 -1.7456E-02 7.3863E-03 -8.7595E-03 3.7258E-03
 5.1880E-03 -1.7115E-02 7.1500E-03 -8.5877E-03 3.6060E-03
 5.1286E-03 -1.6779E-02 6.9205E-03 -8.4190E-03 3.4897E-03
 5.0699E-03 -1.6449E-02 6.6960E-03 -8.2528E-03 3.3759E-03
 5.0119E-03 -1.6123E-02 6.4777E-03 -8.0888E-03 3.2653E-03
 4.9545E-03 -1.5801E-02 6.2658E-03 -7.9271E-03 3.1579E-03
 4.8978E-03 -1.5485E-02 6.0607E-03 -7.7680E-03 3.0540E-03
 4.8417E-03 -1.5174E-02 5.8626E-03 -7.6115E-03 2.9538E-03
 4.7863E-03 -1.4868E-02 5.6718E-03 -7.4578E-03 2.8572E-03
 4.7315E-03 -1.4567E-02 5.4867E-03 -7.3065E-03 2.7635E-03
 4.6773E-03 -1.4270E-02 5.3060E-03 -7.1571E-03 2.6721E-03
 4.6238E-03 -1.3978E-02 5.1304E-03 -7.0100E-03 2.5833E-03
 4.5709E-03 -1.3690E-02 4.9602E-03 -6.8653E-03 2.4972E-03
 4.5186E-03 -1.3406E-02 4.7956E-03 -6.7229E-03 2.4140E-03
 4.4668E-03 -1.3128E-02 4.6369E-03 -6.5832E-03 2.3338E-03
 4.4157E-03 -1.2856E-02 4.4838E-03 -6.4461E-03 2.2564E-03
 4.3652E-03 -1.2587E-02 4.3343E-03 -6.3110E-03 2.1809E-03
 4.3152E-03 -1.2322E-02 4.1891E-03 -6.1781E-03 2.1076E-03
 4.2658E-03 -1.2062E-02 4.0482E-03 -6.0474E-03 2.0364E-03
 4.2170E-03 -1.1807E-02 3.9119E-03 -5.9189E-03 1.9676E-03
 4.1687E-03 -1.1556E-02 3.7804E-03 -5.7930E-03 1.9012E-03
 4.1210E-03 -1.1310E-02 3.6536E-03 -5.6694E-03 1.8372E-03
 4.0738E-03 -1.1068E-02 3.5299E-03 -5.5477E-03 1.7748E-03
 4.0272E-03 -1.0830E-02 3.4097E-03 -5.4280E-03 1.7142E-03
 3.9811E-03 -1.0595E-02 3.2933E-03 -5.3104E-03 1.6554E-03
 3.9355E-03 -1.0366E-02 3.1808E-03 -5.1950E-03 1.5987E-03
 3.8904E-03 -1.0140E-02 3.0723E-03 -5.0818E-03 1.5440E-03
 3.8459E-03 -9.9191E-03 2.9674E-03 -4.9708E-03 1.4911E-03
 3.8019E-03 -9.7014E-03 2.8654E-03 -4.8615E-03 1.4397E-03
 3.7584E-03 -9.4875E-03 2.7664E-03 -4.7541E-03 1.3898E-03
 3.7154E-03 -9.2775E-03 2.6707E-03 -4.6487E-03 1.3416E-03
 3.6728E-03 -9.0716E-03 2.5784E-03 -4.5453E-03 1.2951E-03
 3.6308E-03 -8.8697E-03 2.4892E-03 -4.4439E-03 1.2502E-03
 3.5892E-03 -8.6710E-03 2.4024E-03 -4.3442E-03 1.2064E-03
 3.5481E-03 -8.4757E-03 2.3182E-03 -4.2462E-03 1.1640E-03
 3.5075E-03 -8.2839E-03 2.2368E-03 -4.1499E-03 1.1231E-03
 3.4674E-03 -8.0958E-03 2.1582E-03 -4.0555E-03 1.0835E-03
 3.4277E-03 -7.9114E-03 2.0826E-03 -3.9630E-03 1.0454E-03
 3.3884E-03 -7.7299E-03 2.0092E-03 -3.8719E-03 1.0085E-03
 3.3497E-03 -7.5514E-03 1.9381E-03 -3.7824E-03 9.7275E-04
 3.3113E-03 -7.3761E-03 1.8695E-03 -3.6944E-03 9.3819E-04
 3.2734E-03 -7.2041E-03 1.8033E-03 -3.6082E-03 9.0490E-04
 3.2359E-03 -7.0357E-03 1.7399E-03 -3.5237E-03 8.7301E-04
 3.1989E-03 -6.8697E-03 1.6781E-03 -3.4404E-03 8.4195E-04
 3.1623E-03 -6.7057E-03 1.6179E-03 -3.3582E-03 8.1166E-04
 3.1261E-03 -6.5441E-03 1.5592E-03 -3.2771E-03 7.8216E-04
 3.0903E-03 -6.3877E-03 1.5032E-03 -3.1987E-03 7.5402E-04
 3.0549E-03 -6.2404E-03 1.4514E-03 -3.1248E-03 7.2798E-04
 3.0200E-03 -6.0937E-03 1.4006E-03 -3.0513E-03 7.0244E-04
 2.9854E-03 -5.9477E-03 1.3508E-03 -2.9781E-03 6.7742E-04
 2.9512E-03 -5.8024E-03 1.3021E-03 -2.9052E-03 6.5295E-04
 2.9174E-03 -5.6579E-03 1.2546E-03 -2.8328E-03 6.2906E-04
 2.8840E-03 -5.5143E-03 1.2082E-03 -2.7608E-03 6.0577E-04
 2.8510E-03 -5.3716E-03 1.1631E-03 -2.6893E-03 5.8311E-04
 2.8184E-03 -5.2299E-03 1.1193E-03 -2.6182E-03 5.6110E-04
 2.7861E-03 -5.0893E-03 1.0768E-03 -2.5478E-03 5.3978E-04
 2.7542E-03 -4.9502E-03 1.0358E-03 -2.4781E-03 5.1918E-04
 2.7227E-03 -4.8226E-03 9.9639E-04 -2.4141E-03 4.9940E-04
 2.6915E-03 -4.6935E-03 9.5832E-04 -2.3494E-03 4.8029E-04
 2.6607E-03 -4.5628E-03 9.2165E-04 -2.2839E-03 4.6188E-04
 2.6303E-03 -4.4304E-03 8.8644E-04 -2.2176E-03 4.4420E-04
 2.6002E-03 -4.2964E-03 8.5274E-04 -2.1504E-03 4.2729E-04
 2.5704E-03 -4.1608E-03 8.2061E-04 -2.0825E-03 4.1116E-04
 2.5410E-03 -4.0235E-03 7.9013E-04 -2.0137E-03 3.9586E-04
 2.5119E-03 -3.8845E-03 7.6136E-04 -1.9441E-03 3.8142E-04
 2.4831E-03 -3.7438E-03 7.3437E-04 -1.8736E-03 3.6788E-04
 2.4547E-03 -3.5397E-03 7.0630E-04 -1.7714E-03 3.5378E-04
 2.4266E-03 -3.3106E-03 6.7905E-04 -1.6566E-03 3.4009E-04
 2.3988E-03 -3.0635E-03 6.5301E-04 -1.5329E-03 3.2700E-04
 2.3714E-03 -2.7976E-03 6.2824E-04 -1.3998E-03 3.1456E-04
 2.3442E-03 -2.5126E-03 6.0478E-04 -1.2570E-03 3.0277E-04
 2.3174E-03 -2.4125E-03 1.5548E-03 -1.2067E-03 7.7834E-04
 2.2909E-03 -2.7884E-03 1.5043E-03 -1.3949E-03 7.5319E-04
 2.2646E-03 -2.8961E-03 1.4554E-03 -1.4489E-03 7.2873E-04
 2.2387E-03 -2.9311E-03 1.4080E-03 -1.4664E-03 7.0501E-04
 2.2131E-03 -2.9260E-03 1.3618E-03 -1.4638E-03 6.8189E-04
 2.1878E-03 -2.9169E-03 1.3165E-03 -1.4593E-03 6.5920E-04
 2.1627E-03 -2.9036E-03 1.2721E-03 -1.4527E-03 6.3695E-04
 2.1380E-03 -2.8862E-03 1.2286E-03 -1.4439E-03 6.1518E-04
 2.1135E-03 -2.8643E-03 1.1861E-03 -1.4330E-03 5.9391E-04
 2.0893E-03 -2.8380E-03 1.1447E-03 -1.4198E-03 5.7316E-04
 2.0654E-03 -2.8067E-03 1.1044E-03 -1.4042E-03 5.5296E-04
 2.0417E-03 -2.7673E-03 1.0658E-03 -1.3845E-03 5.3363E-04
 2.0184E-03 -2.7249E-03 1.0282E-03 -1.3633E-03 5.1478E-04
 1.9953E-03 -2.6795E-03 9.9156E-04 -1.3405E-03 4.9644E-04
 1.9724E-03 -2.6309E-03 9.5602E-04 -1.3162E-03 4.7864E-04
 1.9498E-03 -2.5791E-03 9.2160E-04 -1.2903E-03 4.6140E-04
 1.9275E-03 -2.5239E-03 8.8834E-04 -1.2626E-03 4.4473E-04
 1.9055E-03 -2.4660E-03 8.5623E-04 -1.2337E-03 4.2864E-04
 1.8836E-03 -2.4132E-03 8.2464E-04 -1.2073E-03 4.1282E-04
 1.8621E-03 -2.3582E-03 7.9405E-04 -1.1797E-03 3.9749E-04
 1.8408E-03 -2.3008E-03 7.6449E-04 -1.1510E-03 3.8269E-04
 1.8197E-03 -2.2411E-03 7.3601E-04 -1.1211E-03 3.6842E-04
 1.7989E-03 -2.1788E-03 7.0866E-04 -1.0899E-03 3.5472E-04
 1.7783E-03 -2.1141E-03 6.8248E-04 -1.0575E-03 3.4160E-04
 1.7579E-03 -2.0395E-03 6.5685E-04 -1.0202E-03 3.2876E-04
 1.7378E-03 -1.9553E-03 6.3186E-04 -9.7806E-04 3.1624E-04
 1.7179E-03 -1.8642E-03 6.0786E-04 -9.3251E-04 3.0421E-04
 1.6982E-03 -1.7655E-03 5.8489E-04 -8.8310E-04 2.9270E-04
 1.6788E-03 -1.5498E-03 5.6240E-04 -7.7516E-04 2.8142E-04
 1.6596E-03 -1.6149E-03 9.8765E-04 -8.0768E-04 4.9422E-04
 1.6406E-03 -1.6991E-03 9.5203E-04 -8.4980E-04 4.7642E-04
 1.6218E-03 -1.7283E-03 9.1741E-04 -8.6443E-04 4.5910E-04
 1.6032E-03 -1.7469E-03 8.8368E-04 -8.7372E-04 4.4223E-04
 1.5849E-03 -1.7544E-03 8.5088E-04 -8.7750E-04 4.2582E-04
 1.5668E-03 -1.7505E-03 8.1906E-04 -8.7556E-04 4.0989E-04
 1.5488E-03 -1.7350E-03 7.8824E-04 -8.6781E-04 3.9446E-04
 1.5311E-03 -1.7115E-03 7.5847E-04 -8.5606E-04 3.7956E-04
 1.5136E-03 -1.6769E-03 7.2979E-04 -8.3871E-04 3.6520E-04
 1.4962E-03 -1.6306E-03 7.0226E-04 -8.1558E-04 3.5142E-04
 1.4791E-03 -1.6044E-03 7.4671E-04 -8.0244E-04 3.7366E-04
 1.4622E-03 -1.6104E-03 7.1945E-04 -8.0547E-04 3.6001E-04
 1.4454E-03 -1.5998E-03 6.9348E-04 -8.0018E-04 3.4702E-04
 1.4289E-03 -1.5833E-03 6.6828E-04 -7.9189E-04 3.3440E-04
 1.4125E-03 -1.5654E-03 6.4373E-04 -7.8297E-04 3.2212E-04
 1.3964E-03 -1.5463E-03 6.1987E-04 -7.7340E-04 3.1017E-04
 1.3804E-03 -1.5258E-03 5.9673E-04 -7.6316E-04 2.9859E-04
 1.3646E-03 -1.5034E-03 5.7451E-04 -7.5194E-04 2.8747E-04
 1.3490E-03 -1.4801E-03 5.5300E-04 -7.4026E-04 2.7671E-04
 1.3335E-03 -1.4560E-03 5.3220E-04 -7.2823E-04 2.6629E-04
 1.3183E-03 -1.4312E-03 5.1213E-04 -7.1582E-04 2.5625E-04
 1.3032E-03 -1.4058E-03 4.9284E-04 -7.0310E-04 2.4659E-04
 1.2882E-03 -1.3810E-03 4.7433E-04 -6.9070E-04 2.3733E-04
 1.2735E-03 -1.3563E-03 4.5630E-04 -6.7833E-04 2.2830E-04
 1.2589E-03 -1.3316E-03 4.3877E-04 -6.6600E-04 2.1953E-04
 1.2445E-03 -1.3070E-03 4.2177E-04 -6.5371E-04 2.1102E-04
 1.2303E-03 -1.2827E-03 4.0580E-04 -6.4151E-04 2.0303E-04
 1.2162E-03 -1.2584E-03 3.9045E-04 -6.2939E-04 1.9535E-04
 1.2023E-03 -1.2343E-03 3.7548E-04 -6.1733E-04 1.8785E-04
 1.1885E-03 -1.2103E-03 3.6089E-04 -6.0534E-04 1.8055E-04
 1.1749E-03 -1.1865E-03 3.4671E-04 -5.9342E-04 1.7346E-04
 1.1614E-03 -1.1628E-03 3.3295E-04 -5.8157E-04 1.6657E-04
 1.1482E-03 -1.1393E-03 3.1964E-04 -5.6980E-04 1.5991E-04
 1.1350E-03 -1.1160E-03 3.0678E-04 -5.5812E-04 1.5348E-04
 1.1220E-03 -1.0930E-03 2.9452E-04 -5.4663E-04 1.4734E-04
 1.1092E-03 -1.0704E-03 2.8282E-04 -5.3533E-04 1.4149E-04
 1.0965E-03 -1.0479E-03 2.7151E-04 -5.2408E-04 1.3582E-04
 1.0839E-03 -1.0255E-03 2.6058E-04 -5.1287E-04 1.3036E-04
 1.0715E-03 -1.0032E-03 2.5006E-04 -5.0171E-04 1.2509E-04
 1.0593E-03 -9.8098E-04 2.3997E-04 -4.9060E-04 1.2005E-04
 1.0471E-03 -9.5891E-04 2.3033E-04 -4.7956E-04 1.1522E-04
 1.0351E-03 -9.3696E-04 2.2115E-04 -4.6858E-04 1.1063E-04
 1.0233E-03 -9.1469E-04 2.1201E-04 -4.5744E-04 1.0605E-04
 1.0116E-03 -8.9232E-04 2.0316E-04 -4.4625E-04 1.0162E-04
 1.0000E-03 -8.6993E-04 1.9468E-04 -4.3505E-04 9.7381E-05
