15.748
15.486
15.117
14.680
14.326
14.042
13.727
13.335
12.847
12.273
11.612
11.398
10.732
10.078
 9.558
 8.997
 8.506
 7.921
 7.428
 6.773
 6.232
 5.711
 5.279
 4.888
 4.612
 4.299
 3.985
 3.629
 3.588
 3.283
 3.108
 2.980
 2.875
 2.797
 2.702
 2.611
 2.568
 2.501
 2.445
 2.358
 2.315
 2.280
 2.253
 2.217
 2.197
 2.177
 2.156
 2.115
 2.093
 2.059
 2.038
 2.013
 1.997
 1.964
 1.931
 1.901
 1.885
 1.889
 1.857
 1.842
 1.842
 1.831
 1.828
 1.820
 1.816
 1.803
 1.799
 1.793
 1.793
 1.792
 1.788
 1.783
 1.782
 1.779
 1.779
 1.778
 1.778
 1.778
 1.779
 1.780
 1.779
 1.781
 1.786
 1.790
 1.794
 1.798
 1.795
 1.784
 1.765
 1.739
 1.706
 1.665
 1.619
 1.568
 1.515
 1.469
 1.422
 1.381
 1.366
 1.346
 1.321
 1.279
 1.231
 1.177
 1.116
 1.061
 1.015
 0.982
 0.961
 0.944
 0.931
 0.922
 0.917
 0.914
 0.914
 0.925
 0.939