14.735
14.377
14.187
14.025
13.730
13.450
13.183
12.922
12.664
12.394
12.103
11.812
11.547
11.315
11.101
10.882
10.632
10.350
10.117
9.987
9.755
9.486
9.282
9.074
8.863
8.655
8.453
8.227
8.026
7.813
7.611
7.437
7.260
7.080
6.917
6.758
6.597
6.449
6.288
6.162
6.019
5.912
5.809
5.704
5.593
5.491
5.382
5.274
5.160
5.030
4.912
4.802
4.702
4.601
4.527
4.427
4.348
4.263
4.129
4.084
4.008
3.971
3.857
3.723
3.599
3.509
3.468
3.425
3.443
3.418
3.366
3.325
3.268
3.216
3.168
3.123
3.076
3.040
2.992
2.945
2.891
2.840
2.785
2.728
2.677
2.612
2.545
2.477
2.406
2.335
2.246
2.146
2.049
1.952
1.852
1.749
1.647
1.552
1.466
1.383
1.301
1.221
1.146
1.080
1.041
1.021
1.011
1.047
1.097
1.135
1.103
1.074
1.043
1.012
0.985
0.966
0.953
0.943
0.936
0.930
0.922
0.921